  0.60       -0.1735044977 
  0.70       -0.5085379269
  0.80       -0.7407533904
  0.85       -0.8309475062
  0.90       -0.9082659948
  0.95       -0.9750903002
  1.00       -1.0332919230 
  1.05       -1.0843574190
  1.10       -1.1294786388
  1.15       -1.1696187268
  1.20       -1.2055612164 
  1.225      -1.2221634341
  1.25       -1.2379471804 
  1.275      -1.2529750037
  1.2875     -1.260139379            
  1.30       -1.2673037533
  1.3125     -1.274144452             
  1.325      -1.2809851503
  1.3375     -1.287525723            
  1.35       -1.2940662951
  1.3625     -1.300328208             
  1.375      -1.3065901197
  1.38       -1.308991254             
  1.39       -1.313793522            
  1.40       -1.3185957903
  1.41       -1.3232610928
  1.42       -1.3278513936
  1.43       -1.3323687637
  1.431      -1.332813407            
  1.44       -1.3368152011
  1.45       -1.3411926341
  1.46       -1.3455029233
  1.47       -1.3497478651
  1.48       -1.3539291932 
  1.49       -1.3580485818
  1.50       -1.3621076473
  1.5125     -1.367054579             
  1.525      -1.3720015106 
  1.5375     -1.376776225            
  1.55       -1.3815509386 
  1.5625     -1.386163974            
  1.575      -1.3907770096 
  1.60       -1.3996990792
  1.625      -1.408200011            
  1.65       -1.4167009424 
  1.70       -1.4326824780 
  1.75       -1.4477506310
  1.80       -1.4619965659 
  1.85       -1.4754983241 
  1.90       -1.4883230177 
  1.95       -1.5005286424 
  2.00       -1.5121655770 
  2.10       -1.5339040405 
  2.20       -1.5538311948 
  2.30       -1.5721780788 
  2.40       -1.5891312594 
  2.50       -1.6048446646 
  2.60       -1.6194476955 
  2.80       -1.6457493462 
  3.00       -1.6687553652 
  3.50       -1.7152548571 
  4.00       -1.7504855939 
  5.00       -1.8001175348 
  6.00       -1.8333240181 
  8.00       -1.8749130585 
 10.00       -1.8998922387 
