    0.6   -0.769414400
    0.8   -1.019851823
    0.9   -1.083446222
    1.0   -1.124350006
    1.1   -1.149874337
    1.2   -1.164758239
    1.3   -1.172175518
    1.35  -1.173794540
    1.4   -1.174308820
    1.45  -1.173892312
    1.5   -1.172692313
    1.6   -1.168424160
    1.7   -1.162302522
    1.8   -1.154915030
    2.0   -1.137982819
    2.2   -1.119983828
    2.4   -1.102274661
    2.6   -1.085642352
    2.8   -1.070532389
    3.0   -1.057172763
    3.2   -1.045643141
    3.4   -1.035915840
    3.6   -1.027883989
    3.8   -1.021385152
    4.0   -1.016223786
