0.0	0.0
0.01	6.190955049758073e-07
0.02	2.474510239373008e-06
0.03	5.566244233542786e-06
0.04	9.894297517836328e-06
0.05	1.545867012260482e-05
0.06	2.225936207819943e-05
0.07	3.0296373414971364e-05
0.08	3.9569704163271787e-05
0.09	5.007935435345189e-05
0.1	6.182532401586287e-05
0.11	7.48076131808559e-05
0.12	8.902622187878214e-05
0.13	0.00010448115013999282
0.14	0.0001211723979948391
0.15	0.00013909996547367212
0.16	0.00015826385260684316
0.17	0.0001786640594247034
0.18	0.00020030058595760388
0.19	0.00022317343223589588
0.2	0.0002472825982899307
0.21	0.0002726280841500593
0.22	0.000299209889846633
0.23	0.0003270280154100029
0.24	0.0003560824608705203
0.25	0.00038637322625853634
0.26	0.00041790031160440224
0.27	0.000450663716938469
0.28	0.000484663442291088
0.29	0.0005198994876926102
0.3	0.0005563718531733871
0.31	0.0005940805387637698
0.32	0.0006330255444941095
0.33	0.0006732068703947571
0.34	0.0007146245164960641
0.35000000000000003	0.0007572784828283815
0.36	0.0008011687694220602
0.37	0.0008462953763074522
0.38	0.000892658303514908
0.39	0.0009402575510747791
0.4	0.0009890931190174167
0.41000000000000003	0.0010391650073731718
0.42	0.001090473216172395
0.43	0.0011430177454454387
0.44	0.0011967985952226537
0.45	0.0012518157655343912
0.46	0.0013080692564110016
0.47000000000000003	0.0013655590678828373
0.48	0.0014242851999802478
0.49	0.0014842476527335859
0.5	0.0015454464261732024
0.51	0.0016078815203294482
0.52	0.0016715529352326747
0.53	0.001736460670913233
0.54	0.001802604727401474
0.55	0.0018699851047277497
0.56	0.00193860180292241
0.5700000000000001	0.002008454822015807
0.58	0.002079544162038291
0.59	0.002151869823020215
0.6	0.002225431804991929
0.61	0.0023002301079837837
0.62	0.0023762647320261314
0.63	0.0024535356771493225
0.64	0.002532042943383708
0.65	0.0026117865307596403
0.66	0.002692766439307469
0.67	0.002774982669057547
0.68	0.0028584352200402233
0.6900000000000001	0.002943124092285851
0.7000000000000001	0.0030290492858247807
0.71	0.0031162108006873627
0.72	0.0032046086369039496
0.73	0.003294242794504891
0.74	0.0033851132735205403
0.75	0.003477220073981247
0.76	0.0035705631959173628
0.77	0.0036651426393592384
0.78	0.003760958404337226
0.79	0.0038580104908816763
0.8	0.00395629889902294
0.81	0.004055823628791369
0.8200000000000001	0.0041565846802173135
0.8300000000000001	0.004258582053331125
0.84	0.004361815748163154
0.85	0.004466285764743754
0.86	0.0045719921031032755
0.87	0.004678934763272067
0.88	0.004787113745280484
0.89	0.004896529049158875
0.9	0.005007180674937592
0.91	0.005119068622646984
0.92	0.005232192892317404
0.93	0.005346553483979205
0.9400000000000001	0.005462150397662736
0.9500000000000001	0.005578983633398347
0.96	0.00569705319121639
0.97	0.0058163590711472184
0.98	0.005936901273221181
0.99	0.006058679797468632
1.0	0.006181694643919919
1.01	0.006305945812605394
1.02	0.006431433303555409
1.03	0.006558157116800316
1.04	0.006686117252370465
1.05	0.006815313710296206
1.06	0.006945746490607894
1.07	0.0070774155933358745
1.08	0.007210321018510504
1.09	0.0073444627661621315
1.1	0.007479840836321108
1.11	0.007616455229017784
1.12	0.007754305944282513
1.1300000000000001	0.007893392982145645
1.1400000000000001	0.008033716342637531
1.1500000000000001	0.00817527602578852
1.16	0.008318072031628964
1.17	0.008462104360189217
1.18	0.008607373011499631
1.19	0.008753877985590554
1.2	0.00890161928249234
1.21	0.009050596902235334
1.22	0.009200810844849893
1.23	0.00935226111036637
1.24	0.00950494769881511
1.25	0.009658870610226467
1.26	0.009814029844630793
1.27	0.009970425402058437
1.28	0.010128057282539751
1.29	0.010286925486105089
1.3	0.010447030012784799
1.31	0.010608370862609235
1.32	0.010770948035608742
1.33	0.01093476153181368
1.34	0.011099811351254393
1.35	0.011266097493961234
1.36	0.01143361995996456
1.37	0.011602378749294711
1.3800000000000001	0.011772373861982047
1.3900000000000001	0.011943605298056919
1.4000000000000001	0.012116073057549673
1.41	0.012289777140490659
1.42	0.012464717546910238
1.43	0.012640894276838751
1.44	0.01281830733030656
1.45	0.012996956707344005
1.46	0.013176842407981443
1.47	0.013357964432249222
1.48	0.013540322780177697
1.49	0.013723917451797222
1.5	0.013908748447138138
1.51	0.014094815766230805
1.52	0.014282119409105567
1.53	0.014470659375792781
1.54	0.014660435666322797
1.55	0.014851448280725967
1.56	0.015043697219032636
1.57	0.015237182481273164
1.58	0.015431904067477898
1.59	0.01562786197767719
1.6	0.01582505621190139
1.61	0.016023486770180846
1.62	0.016223153652545914
1.6300000000000001	0.016424056859026946
1.6400000000000001	0.01662619638965429
1.6500000000000001	0.0168295722444583
1.6600000000000001	0.01703418442346932
1.67	0.01724003292671771
1.68	0.01744711775423382
1.69	0.017655438906047996
1.7	0.017864996382190593
1.71	0.018075790182691964
1.72	0.018287820307582456
1.73	0.018501086756892427
1.74	0.018715589530652214
1.75	0.018931328628892182
1.76	0.019148304051642678
1.77	0.01936651579893405
1.78	0.01958596387079666
1.79	0.019806648267260838
1.8	0.020028568988356955
1.81	0.02025172603411535
1.82	0.020476119404566385
1.83	0.02070174909974041
1.84	0.020928615119667766
1.85	0.02115671746437881
1.86	0.021386056133903895
1.87	0.02161663112827337
1.8800000000000001	0.021848442447517585
1.8900000000000001	0.022081490091666895
1.9000000000000001	0.022315774060751647
1.9100000000000001	0.022551294354802194
1.92	0.02278805097384888
1.93	0.023026043917922075
1.94	0.023265273187052116
1.95	0.023505738781269356
1.96	0.023747440700604146
1.97	0.02399037894508684
1.98	0.024234553514747785
1.99	0.024479964409617343
2.0	0.02472661162972585
2.0100000000000002	0.024974495175103667
2.02	0.025223615045781134
2.0300000000000002	0.02547397124178862
2.04	0.025725563763156458
2.05	0.025978392609915014
2.06	0.02623245778209463
2.07	0.026487759279725655
2.08	0.02674429710283846
2.09	0.027002071251463367
2.1	0.027261081725630753
2.11	0.02752132852537095
2.12	0.027782811650714327
2.13	0.028045531101691206
2.14	0.028309486878331975
2.15	0.02857467898066696
2.16	0.028841107408726526
2.17	0.02910877216254101
2.18	0.029377673242140776
2.19	0.029647810647556165
2.2	0.029919184378817545
2.21	0.03019179443595524
2.22	0.03046564081899963
2.23	0.030740723527981045
2.24	0.03101704256292985
2.25	0.031294597923876386
2.2600000000000002	0.031573389610851016
2.27	0.03185341762388407
2.2800000000000002	0.03213468196300593
2.29	0.032417182628246916
2.3000000000000003	0.03270091961963739
2.31	0.03298589293720772
2.32	0.03327210258098823
2.33	0.0335595485510093
2.34	0.03384823084730126
2.35	0.03413814946989447
2.36	0.034429304418819265
2.37	0.03472169569410602
2.38	0.03501532329578508
2.39	0.0353101872238868
2.4	0.035606287478441495
2.41	0.03590362405947956
2.42	0.03620219696703133
2.43	0.03650200620112717
2.44	0.03680305176179739
2.45	0.0371053336490724
2.46	0.0374088518629825
2.47	0.03771360640355806
2.48	0.038019597270829444
2.49	0.038326824464826985
2.5	0.03863528798558104
2.5100000000000002	0.03894498783312197
2.52	0.039255924007480104
2.5300000000000002	0.03956809650868581
2.54	0.03988150533676944
2.5500000000000003	0.040196150491761354
2.56	0.04051203197369187
2.57	0.04082914978259135
2.58	0.04114750391849018
2.59	0.04146709438141868
2.6	0.0417879211714072
2.61	0.04210998428848609
2.62	0.042433283732685734
2.63	0.04275781950403643
2.64	0.04308359160256859
2.65	0.043410600028312506
2.66	0.043738844781298566
2.67	0.0440683258615571
2.68	0.04439904326911849
2.69	0.04473099700401305
2.7	0.04506418706627116
2.71	0.04539861345592316
2.72	0.045734276172999404
2.73	0.04607117521753022
2.74	0.046409310589546005
2.75	0.04674868228907706
2.7600000000000002	0.04708929031615378
2.77	0.04743113467080649
2.7800000000000002	0.04777421535306555
2.79	0.048118532362961305
2.8000000000000003	0.04846408570052412
2.81	0.04881087536578432
2.82	0.049158901358772274
2.83	0.049508163679518345
2.84	0.049858662328052875
2.85	0.0502103973044062
2.86	0.05056336860860868
2.87	0.050917576240690675
2.88	0.051273020200682536
2.89	0.0516297004886146
2.9	0.05198761710451722
2.91	0.052346770048420775
2.92	0.052707159320355565
2.93	0.053068784920352004
2.94	0.05343164684844038
2.95	0.0537957451046511
2.96	0.05416107968901447
2.97	0.054527650601560874
2.98	0.05489545784232064
2.99	0.055264501411324135
3.0	0.0556347813086017
3.0100000000000002	0.05600629753418371
3.02	0.056379050088100464
3.0300000000000002	0.05675303897038236
3.04	0.05712826418105973
3.0500000000000003	0.05750472572016295
3.06	0.05788242358772233
3.0700000000000003	0.05826135778376825
3.08	0.058641528308331047
3.09	0.05902293516144108
3.1	0.059405578343128713
3.11	0.05978945785342426
3.12	0.060174573692358124
3.13	0.0605609258599606
3.14	0.060948514356262085
3.15	0.0613373391812929
3.16	0.06172740033508343
3.17	0.06211869781766398
3.18	0.06251123162906494
3.19	0.06290500176931663
3.2	0.06330000823844945
3.21	0.06369625103649368
3.22	0.06409373016347975
3.23	0.06449244561943793
3.24	0.06489239740439864
3.25	0.06529358551839219
3.2600000000000002	0.06569600996144896
3.27	0.06609967073359926
3.2800000000000002	0.0665045678348735
3.29	0.06691070126530198
3.3000000000000003	0.06731807102491509
3.31	0.06772667711374314
3.3200000000000003	0.06813651953181651
3.33	0.06854759827916553
3.34	0.06895991335582057
3.35	0.06937346476181198
3.36	0.0697882524971701
3.37	0.07020427656192532
3.38	0.07062153695610791
3.39	0.07104003367974832
3.4	0.0714597667328768
3.41	0.07188073611552379
3.42	0.07230294182771958
3.43	0.07272638386949457
3.44	0.07315106224087907
3.45	0.07357697694190346
3.46	0.07400412797259806
3.47	0.07443251533299326
3.48	0.07486213902311936
3.49	0.07529299904300678
3.5	0.0757250953926858
3.5100000000000002	0.07615842807218683
3.52	0.07659299708154019
3.5300000000000002	0.07702880242077624
3.54	0.07746584408992532
3.5500000000000003	0.0779041220890178
3.56	0.078343636418084
3.5700000000000003	0.07878438707715431
3.58	0.07922637406625904
3.59	0.07966959738542859
3.6	0.08011405703469328
3.61	0.08055975301408344
3.62	0.0810066853236295
3.63	0.08145485396336169
3.64	0.08190425893331049
3.65	0.08235490023350617
3.66	0.08280677786397912
3.67	0.08325989182475964
3.68	0.08371424211587813
3.69	0.08416982873736492
3.7	0.08462665168925038
3.71	0.08508471097156484
3.72	0.08554400658433868
3.73	0.08600453852760219
3.74	0.08646630680138578
3.75	0.08692931140571979
3.7600000000000002	0.08739355234063458
3.77	0.08785902960616045
3.7800000000000002	0.0883257432023278
3.79	0.08879369312916698
3.8000000000000003	0.08926287938670832
3.81	0.08973330197498217
3.8200000000000003	0.09020496089401892
3.83	0.09067785614384885
3.84	0.09115198772450236
3.85	0.09162735563600982
3.86	0.09210395987840156
3.87	0.09258180045170791
3.88	0.09306087735595923
3.89	0.09354119059118589
3.9	0.09402274015741824
3.91	0.09450552605468664
3.92	0.09498954828302138
3.93	0.09547480684245287
3.94	0.09596130173301144
3.95	0.09644903295472747
3.96	0.09693800050763127
3.97	0.09742820439175322
3.98	0.09791964460712363
3.99	0.09841232115377292
4.0	0.09890623403173138
4.01	0.09940138324102937
4.0200000000000005	0.09989776878169732
4.03	0.10039539065376546
4.04	0.1008942488572642
4.05	0.10139434339222389
4.0600000000000005	0.1018956742586749
4.07	0.10239824145664755
4.08	0.10290204498617218
4.09	0.10340708484727917
4.1	0.10391336103999887
4.11	0.10442087356436167
4.12	0.10492962242039783
4.13	0.10543960760813774
4.14	0.10595082912761178
4.15	0.10646328697885028
4.16	0.1069769811618836
4.17	0.10749191167674206
4.18	0.10800807852345602
4.19	0.1085254817020559
4.2	0.10904412121257197
4.21	0.1095639970550346
4.22	0.11008510922947412
4.23	0.11060745773592098
4.24	0.11113104257440541
4.25	0.11165586374495783
4.26	0.11218192124760855
4.2700000000000005	0.11270921508238799
4.28	0.11323774524932644
4.29	0.11376751174845423
4.3	0.11429851457980177
4.3100000000000005	0.11483075374339942
4.32	0.11536422923927747
4.33	0.11589894106746629
4.34	0.11643488922799625
4.3500000000000005	0.11697207372089773
4.36	0.11751049454620101
4.37	0.11805015170393647
4.38	0.11859104519413446
4.39	0.11913317501682538
4.4	0.11967654117203953
4.41	0.12022114365980727
4.42	0.12076698248015892
4.43	0.12131405763312487
4.44	0.12186236911873552
4.45	0.12241191693702112
4.46	0.12296270108801206
4.47	0.12351472157173869
4.48	0.12406797838823144
4.49	0.12462247153752053
4.5	0.12517820101963636
4.51	0.12573516683460934
4.5200000000000005	0.12629336898246976
4.53	0.12685280746324798
4.54	0.12741348227697435
4.55	0.12797539342367922
4.5600000000000005	0.128538540903393
4.57	0.12910292471614593
4.58	0.1296685448619684
4.59	0.13023540134089082
4.6000000000000005	0.13080349415294357
4.61	0.13137282329815683
4.62	0.13194338877656112
4.63	0.13251519058818667
4.64	0.13308822873306395
4.65	0.13366250321122322
4.66	0.13423801402269486
4.67	0.13481476116750923
4.68	0.13539274464569664
4.69	0.13597196445728754
4.7	0.13655242060231218
4.71	0.13713411308080092
4.72	0.13771704189278414
4.73	0.13830120703829227
4.74	0.1388866085173555
4.75	0.1394732463300043
4.76	0.14006112047626892
4.7700000000000005	0.14065023095617987
4.78	0.14124057776976737
4.79	0.14183216091706177
4.8	0.14242498039809345
4.8100000000000005	0.14301903621289283
4.82	0.14361432836149018
4.83	0.14421085684391582
4.84	0.1448086216602002
4.8500000000000005	0.14540762281037364
4.86	0.14600786029446647
4.87	0.14660933411250898
4.88	0.1472120442645316
4.89	0.1478159907505647
4.9	0.1484211735706386
4.91	0.14902759272478366
4.92	0.1496352482130302
4.93	0.1502441400354086
4.94	0.15085426819194925
4.95	0.15146563268268237
4.96	0.15207823350763844
4.97	0.15269207066684773
4.98	0.15330714416034075
4.99	0.1539234539881476
5.0	0.1545410001502988
5.01	0.15515978264682465
5.0200000000000005	0.15577980147775558
5.03	0.15640105664312182
5.04	0.15702354814295372
5.05	0.15764727597728176
5.0600000000000005	0.15827224014613622
5.07	0.15889844064954747
5.08	0.15952587748754576
5.09	0.16015455066016157
5.1000000000000005	0.1607844601674252
5.11	0.16141560600936702
5.12	0.16204798818601732
5.13	0.1626816066974065
5.14	0.16331646154356494
5.15	0.163952552724523
5.16	0.16458988024031093
5.17	0.16522844409095913
5.18	0.16586824427649796
5.19	0.16650928079695784
5.2	0.167151553652369
5.21	0.16779506284276186
5.22	0.16843980836816672
5.23	0.16908579022861406
5.24	0.16973300842413405
5.25	0.17038146295475717
5.26	0.1710311538205137
5.2700000000000005	0.17168208102143412
5.28	0.1723342445575486
5.29	0.17298764442888753
5.3	0.17364228063548137
5.3100000000000005	0.17429815317736042
5.32	0.17495526205455503
5.33	0.17561360726709546
5.34	0.17627318881501222
5.3500000000000005	0.17693400669833556
5.36	0.17759606091709587
5.37	0.17825935147132344
5.38	0.17892387836104864
5.39	0.1795896415863019
5.4	0.18025664114711354
5.41	0.18092487704351387
5.42	0.18159434927553322
5.43	0.182265057843202
5.44	0.18293700274655061
5.45	0.18361018398560924
5.46	0.1842846015604084
5.47	0.18496025547097833
5.48	0.18563714571734952
5.49	0.18631527229955214
5.5	0.18699463521761664
5.51	0.18767523447157336
5.5200000000000005	0.18835707006145272
5.53	0.18904014198728492
5.54	0.1897244502491004
5.55	0.19040999484692953
5.5600000000000005	0.19109677578080264
5.57	0.1917847930507501
5.58	0.1924740466568022
5.59	0.19316453659898936
5.6000000000000005	0.1938562628773419
5.61	0.19454922549189016
5.62	0.1952434244426645
5.63	0.19593885972969524
5.64	0.19663553135301282
5.65	0.19733343931264755
5.66	0.19803258360862974
5.67	0.19873296424098977
5.68	0.19943458120975796
5.69	0.2001374345149648
5.7	0.20084152415664042
5.71	0.20154685013481533
5.72	0.2022534124495198
5.73	0.20296121110078433
5.74	0.20367024608863904
5.75	0.20438051741311444
5.76	0.20509202507424085
5.7700000000000005	0.20580476907204864
5.78	0.2065187494065681
5.79	0.20723396607782957
5.8	0.20795041908586348
5.8100000000000005	0.2086681084307002
5.82	0.20938703411236997
5.83	0.21010719613090317
5.84	0.21082859448633023
5.8500000000000005	0.2115512291786815
5.86	0.2122751002079872
5.87	0.21300020757427776
5.88	0.21372655127758355
5.89	0.21445413131793492
5.9	0.21518294769536223
5.91	0.2159130004098958
5.92	0.21664428946156597
5.93	0.2173768148504031
5.94	0.2181105765764376
5.95	0.21884557463969972
5.96	0.2195818090402199
5.97	0.2203192797780284
5.98	0.22105798685315575
5.99	0.22179793026563208
6.0	0.22253911001548787
6.01	0.2232815261027534
6.0200000000000005	0.22402517852745915
6.03	0.2247700672896353
6.04	0.22551619238931228
6.05	0.2262635538265205
6.0600000000000005	0.22701215160129026
6.07	0.22776198571365186
6.08	0.2285130561636357
6.09	0.22926536295127214
6.1000000000000005	0.23001890607659156
6.11	0.23077368553962427
6.12	0.23152970134040055
6.13	0.23228695347895081
6.140000000000001	0.23304544195530555
6.15	0.2338051667694949
6.16	0.2345661279215493
6.17	0.23532832541149912
6.18	0.23609175923937462
6.19	0.23685642940520635
6.2	0.23762233590902446
6.21	0.23838947875085936
6.22	0.23915785793072916
6.23	0.23992747344854867
6.24	0.24069832530418087
6.25	0.24147041349748843
6.26	0.24224373802833402
6.2700000000000005	0.24301829889658036
6.28	0.24379409610209002
6.29	0.24457112964472566
6.3	0.24534939952434998
6.3100000000000005	0.24612890574082572
6.32	0.24690964829401532
6.33	0.24769162718378163
6.34	0.24847484240998718
6.3500000000000005	0.2492592939724948
6.36	0.25004498187116697
6.37	0.2508319061058664
6.38	0.25162006667645587
6.390000000000001	0.2524094635827978
6.4	0.253200096824755
6.41	0.25399196640219024
6.42	0.2547850723149659
6.43	0.25557941456294486
6.44	0.25637499314598977
6.45	0.2571718080639631
6.46	0.2579698593167277
6.47	0.25876914690414615
6.48	0.25956967082608123
6.49	0.26037143108239535
6.5	0.26117442767295124
6.51	0.26197866059761177
6.5200000000000005	0.26278412985623945
6.53	0.26359083544869694
6.54	0.26439877737484685
6.55	0.26520795563455185
6.5600000000000005	0.26601837022767477
6.57	0.26683002115407806
6.58	0.2676429084136245
6.59	0.2684570320061766
6.6000000000000005	0.26927239193159724
6.61	0.2700889881897489
6.62	0.27090682078049433
6.63	0.2717258897036961
6.640000000000001	0.272546194959217
6.65	0.2733677365469196
6.66	0.2741905144666666
6.67	0.2750145287183205
6.68	0.2758397793017442
6.69	0.2766662662168002
6.7	0.27749398946335124
6.71	0.2783229490412599
6.72	0.2791531449503889
6.73	0.27998457719060094
6.74	0.28081724576175865
6.75	0.28165115066372454
6.76	0.28248629189636143
6.7700000000000005	0.28332266945953194
6.78	0.2841602833530988
6.79	0.28499913357692447
6.8	0.2858392201308718
6.8100000000000005	0.28668054301480345
6.82	0.2875231022285819
6.83	0.28836689777206986
6.84	0.28921192964513015
6.8500000000000005	0.2900581978476253
6.86	0.29090570237941804
6.87	0.2917544432403709
6.88	0.29260442043034657
6.890000000000001	0.2934556339492079
6.9	0.2943080837968174
6.91	0.29516176997303767
6.92	0.2960166924777314
6.93	0.29687285131076124
6.94	0.29773024647199003
6.95	0.29858887796128025
6.96	0.2994487457784946
6.97	0.3003098499234957
6.98	0.30117219039614634
6.99	0.302035767196309
7.0	0.3029005803238463
7.01	0.3037666297786211
7.0200000000000005	0.3046339155604961
7.03	0.30550243766933377
7.04	0.30637219610499683
7.05	0.30724319086734786
7.0600000000000005	0.30811542195624975
7.07	0.30898888937156493
7.08	0.3098635931131561
7.09	0.310739533180886
7.1000000000000005	0.31161670957461723
7.11	0.31249512229421245
7.12	0.3133747713395344
7.13	0.31425565671044553
7.140000000000001	0.31513777840680884
7.15	0.3160211364284866
7.16	0.31690573077534173
7.17	0.31779156144723686
7.18	0.31867862844403455
7.19	0.31956693176559753
7.2	0.3204564714117884
7.21	0.32134724738246984
7.22	0.3222392596775046
7.23	0.3231325082967553
7.24	0.3240269932400845
7.25	0.32492271450735494
7.26	0.32581967209842916
7.2700000000000005	0.32671786601317016
7.28	0.3276172962514401
7.29	0.328517962813102
7.3	0.3294198656980184
7.3100000000000005	0.33032300490605204
7.32	0.33122738043706546
7.33	0.33213299229092125
7.34	0.3330398404674823
7.3500000000000005	0.33394792496661124
7.36	0.33485724578817055
7.37	0.33576780293202296
7.38	0.33667959639803113
7.390000000000001	0.3375926261860579
7.4	0.33850689229596564
7.41	0.3394223947276171
7.42	0.340339133480875
7.43	0.34125710855560204
7.44	0.3421763199516608
7.45	0.3430967676689139
7.46	0.3440184517072241
7.47	0.3449413720664539
7.48	0.3458655287464662
7.49	0.3467909217471235
7.5	0.34771755106828844
7.51	0.34864541670982374
7.5200000000000005	0.34957451867159206
7.53	0.350504856953456
7.54	0.35143643155527826
7.55	0.35236924247692153
7.5600000000000005	0.3533032897182484
7.57	0.3542385732791216
7.58	0.3551750931594037
7.59	0.3561128493589574
7.6000000000000005	0.3570518418776455
7.61	0.35799207071533035
7.62	0.3589335358718749
7.63	0.3598762373471416
7.640000000000001	0.36082017514099335
7.65	0.3617653492532925
7.66	0.3627117596839019
7.67	0.3636594064326842
7.68	0.364608289499502
7.69	0.3655584088842181
7.7	0.366509764586695
7.71	0.3674623566067953
7.72	0.3684161849443819
7.73	0.36937124959931733
7.74	0.3703275505714642
7.75	0.3712850878606852
7.76	0.37224386146684296
7.7700000000000005	0.37320387138980027
7.78	0.37416511762941973
7.79	0.37512760018556385
7.8	0.37609131905809545
7.8100000000000005	0.3770562742468772
7.82	0.3780224657517716
7.83	0.3789898935726415
7.84	0.37995855770934944
7.8500000000000005	0.3809284581617582
7.86	0.38189959492973014
7.87	0.3828719680131282
7.88	0.383845577411815
7.890000000000001	0.3848204231256533
7.9	0.3857965051545055
7.91	0.38677382349823425
7.92	0.3877523781567025
7.930000000000001	0.38873216912977276
7.94	0.38971319641730756
7.95	0.3906954600191697
7.96	0.3916789599352218
7.97	0.39266369616532654
7.98	0.39364966870934676
7.99	0.39463687756714466
8.0	0.39562532273858325
8.01	0.3966150042235251
8.02	0.39760592202183287
8.03	0.39859807613336923
8.040000000000001	0.399591466557997
8.05	0.4005860932955784
8.06	0.40158195634597654
8.07	0.4025790557090538
8.08	0.40357739138467297
8.09	0.4045769633726966
8.1	0.4055777716729874
8.11	0.4065798162854081
8.120000000000001	0.4075830972098215
8.13	0.4085876144460899
8.14	0.40959336799407603
8.15	0.4106003578536427
8.16	0.41160858402465256
8.17	0.41261804650696815
8.18	0.41362874530045224
8.19	0.41464068040496743
8.2	0.41565385182037634
8.21	0.41666825954654196
8.22	0.41768390358332635
8.23	0.4187007839305927
8.24	0.4197189005882032
8.25	0.4207382535560209
8.26	0.4217588428339084
8.27	0.42278066842172823
8.28	0.42380373031934304
8.290000000000001	0.4248280285266158
8.3	0.4258535630434087
8.31	0.4268803338695846
8.32	0.4279083410050062
8.33	0.42893758444953617
8.34	0.429968064203037
8.35	0.4309997802653716
8.36	0.4320327326364025
8.370000000000001	0.4330669213159925
8.38	0.434102346304004
8.39	0.4351390076002998
8.4	0.4361769052047425
8.41	0.43721603911719487
8.42	0.4382564093375194
8.43	0.4392980158655788
8.44	0.4403408587012359
8.45	0.4413849378443532
8.46	0.4424302532947936
8.47	0.44347680505241927
8.48	0.44452459311709325
8.49	0.44557361748867813
8.5	0.44662387816703647
8.51	0.447675375152031
8.52	0.4487281084435244
8.53	0.44978207804137926
8.540000000000001	0.45083728394545847
8.55	0.4518937261556243
8.56	0.45295140467173967
8.57	0.45401031949366705
8.58	0.4550704706212693
8.59	0.4561318580544091
8.6	0.4571944817929489
8.61	0.4582583418367515
8.620000000000001	0.4593234381856797
8.63	0.46038977083959587
8.64	0.4614573397983628
8.65	0.462526145061843
8.66	0.4635961866298993
8.67	0.4646674645023943
8.68	0.4657399786791908
8.69	0.46681372916015124
8.700000000000001	0.46788871594513853
8.71	0.4689649390340151
8.72	0.47004239842664364
8.73	0.4711210941228869
8.74	0.4722010261226074
8.75	0.47328219442566793
8.76	0.47436459903193107
8.77	0.47544823994125957
8.78	0.47653311715351593
8.790000000000001	0.47761923066856327
8.8	0.4787065804862635
8.81	0.4797951666064798
8.82	0.48088498902907467
8.83	0.48197604775391084
8.84	0.48306834278085087
8.85	0.48416187410975753
8.86	0.4852566417404933
8.870000000000001	0.4863526456729213
8.88	0.4874498859069035
8.89	0.48854836244230304
8.9	0.48964807527898235
8.91	0.49074902441680424
8.92	0.49185120985563135
8.93	0.4929546315953262
8.94	0.49405928963575163
8.950000000000001	0.4951651839767704
8.96	0.4962723146182447
8.97	0.4973806815600376
8.98	0.4984902848020116
8.99	0.49960112434402937
9.0	0.5007132001859534
9.01	0.5018265123276469
9.02	0.5029410607689719
9.03	0.5040568455097915
9.040000000000001	0.5051738665499682
9.05	0.5062921238893647
9.06	0.5074116175278434
9.07	0.5085323474652672
9.08	0.5096543137014987
9.09	0.5107775162364007
9.1	0.5119019550698355
9.11	0.5130276302016661
9.120000000000001	0.5141545416317553
9.13	0.5152826893599654
9.14	0.5164120733861589
9.15	0.5175426937101989
9.16	0.5186745503319479
9.17	0.5198076432512685
9.18	0.5209419724680234
9.19	0.5220775379820752
9.200000000000001	0.523214339793287
9.21	0.5243523779015207
9.22	0.5254916523066393
9.23	0.5266321630085056
9.24	0.5277739100069821
9.25	0.5289168933019316
9.26	0.5300611128932167
9.27	0.5312065687806999
9.28	0.5323532609642441
9.290000000000001	0.5335011894437119
9.3	0.5346503542189658
9.31	0.5358007552898686
9.32	0.536952392656283
9.33	0.5381052663182387
9.34	0.5392593762762053
9.35	0.5404147225307241
9.36	0.5415713050823364
9.370000000000001	0.5427291239315845
9.38	0.5438881790790088
9.39	0.5450484705251515
9.4	0.5462099982705539
9.41	0.5473727623157576
9.42	0.5485367626613042
9.43	0.549701999307735
9.44	0.5508684722555917
9.450000000000001	0.5520361815054157
9.46	0.5532051270577485
9.47	0.5543753089131315
9.48	0.5555467270721064
9.49	0.5567193815352146
9.5	0.5578932723029976
9.51	0.559068399375997
9.52	0.5602447627547542
9.53	0.5614223624398108
9.540000000000001	0.5626011984317084
9.55	0.5637812707309883
9.56	0.564962579338192
9.57	0.5661451242538611
9.58	0.5673289054785371
9.59	0.5685139230127616
9.6	0.5697001768570759
9.61	0.5708876670120216
9.620000000000001	0.5720763934781405
9.63	0.5732663562559734
9.64	0.5744575553460626
9.65	0.5756499907489491
9.66	0.5768436624651745
9.67	0.5780385704952803
9.68	0.5792347148398082
9.69	0.5804320954992994
9.700000000000001	0.5816307124742961
9.71	0.5828305657653389
9.72	0.5840316553729695
9.73	0.58523398129773
9.74	0.5864375435401612
9.75	0.587642342100805
9.76	0.5888483769802029
9.77	0.5900556481788963
9.78	0.5912641556974266
9.790000000000001	0.592473899536336
9.8	0.593684879696165
9.81	0.5948970961774556
9.82	0.5961105489807492
9.83	0.5973252381065874
9.84	0.5985411635555117
9.85	0.5997583253280636
9.86	0.6009767234247847
9.870000000000001	0.6021963578462164
9.88	0.6034172285929001
9.89	0.6046393356653775
9.9	0.6058626790641899
9.91	0.6070872587898791
9.92	0.6083130748429864
9.93	0.6095401272240532
9.94	0.6107684159336212
9.950000000000001	0.6119979409722321
9.96	0.6132287023404269
9.97	0.6144607000387475
9.98	0.6156939340677353
9.99	0.6169284044279316
10.0	0.6181641111198782
10.01	0.6194010541441166
10.02	0.620639233501188
10.03	0.6218786491916343
10.040000000000001	0.6231193012159971
10.05	0.6243611895748171
10.06	0.6256043142686366
10.07	0.6268486752979969
10.08	0.6280942726634392
10.09	0.6293411063655054
10.1	0.630589176404737
10.11	0.6318384827816751
10.120000000000001	0.6330890254968619
10.13	0.6343408045508383
10.14	0.6355938199441459
10.15	0.6368480716773263
10.16	0.638103559750921
10.17	0.6393602841654715
10.18	0.6406182449215194
10.19	0.6418774420196062
10.200000000000001	0.6431378754602733
10.21	0.6443995452440623
10.22	0.6456624513715147
10.23	0.6469265938431716
10.24	0.6481919726595752
10.25	0.6494585878212665
10.26	0.6507264393287873
10.27	0.651995527182679
10.28	0.6532658513834829
10.290000000000001	0.6545374119317411
10.3	0.6558102088279943
10.31	0.6570842420727847
10.32	0.6583595116666534
10.33	0.659636017610142
10.34	0.6609137599037921
10.35	0.6621927385481452
10.36	0.6634729535437426
10.370000000000001	0.6647544048911264
10.38	0.6660370925908371
10.39	0.667321016643417
10.4	0.6686061770494074
10.41	0.6698925738093497
10.42	0.6711802069237855
10.43	0.6724690763932566
10.44	0.6737591822183039
10.450000000000001	0.6750505243994694
10.46	0.6763431029372944
10.47	0.6776369178323203
10.48	0.6789319690850888
10.49	0.6802282566961414
10.5	0.6815257806660195
10.51	0.6828245409952647
10.52	0.6841245376844184
10.53	0.6854257707340221
10.540000000000001	0.6867282401446178
10.55	0.6880319459167462
10.56	0.6893368880509494
10.57	0.6906430665477685
10.58	0.6919504814077453
10.59	0.6932591326314214
10.6	0.6945690202193379
10.61	0.6958801441720364
10.620000000000001	0.697192504490059
10.63	0.6985061011739464
10.64	0.6998209342242406
10.65	0.7011370036414829
10.66	0.7024543094262149
10.67	0.7037728515789781
10.68	0.7050926301003139
10.69	0.7064136449907638
10.700000000000001	0.7077358962508697
10.71	0.7090593838811726
10.72	0.7103841078822142
10.73	0.7117100682545361
10.74	0.7130372649986797
10.75	0.7143656981151866
10.76	0.7156953676045981
10.77	0.717026273467456
10.78	0.7183584157043015
10.790000000000001	0.7196917943156764
10.8	0.721026409302122
10.81	0.72236226066418
10.82	0.7236993484023915
10.83	0.7250376725172986
10.84	0.7263772330094423
10.85	0.7277180298793643
10.86	0.7290600631276062
10.870000000000001	0.7304033327547096
10.88	0.7317478387612155
10.89	0.733093581147666
10.9	0.7344405599146021
10.91	0.7357887750625657
10.92	0.737138226592098
10.93	0.7384889145037409
10.94	0.7398408387980354
10.950000000000001	0.7411939994755237
10.96	0.7425483965367466
10.97	0.7439040299822458
10.98	0.7452608998125632
10.99	0.7466190060282397
11.0	0.747978348629817
11.01	0.749338927617837
11.02	0.750700742992841
11.03	0.7520637947553701
11.040000000000001	0.7534280829059666
11.05	0.7547936074451714
11.06	0.756160368373526
11.07	0.7575283656915721
11.08	0.7588975993998511
11.09	0.7602680694989047
11.1	0.7616397759892742
11.11	0.7630127188715012
11.120000000000001	0.7643868981461275
11.13	0.7657623138136941
11.14	0.7671389658747426
11.15	0.7685168543298146
11.16	0.7698959791794519
11.17	0.7712763404241955
11.18	0.772657938064587
11.19	0.7740407721011682
11.200000000000001	0.7754248425344809
11.21	0.7768101493650656
11.22	0.7781966925934646
11.23	0.7795844722202191
11.24	0.7809734882458707
11.25	0.7823637406709608
11.26	0.7837552294960312
11.27	0.7851479547216229
11.28	0.786541916348278
11.290000000000001	0.7879371143765379
11.3	0.7893335488069435
11.31	0.7907312196400369
11.32	0.7921301268763595
11.33	0.7935302705164525
11.34	0.794931650560858
11.35	0.796334267010117
11.36	0.7977381198647712
11.370000000000001	0.7991432091253622
11.38	0.8005495347924313
11.39	0.80195709686652
11.4	0.8033658953481699
11.41	0.8047759302379226
11.42	0.8061872015363193
11.43	0.807599709243902
11.44	0.8090134533612118
11.450000000000001	0.8104284338887906
11.46	0.8118446508271794
11.47	0.8132621041769199
11.48	0.8146807939385535
11.49	0.8161007201126222
11.5	0.8175218826996671
11.51	0.8189442817002296
11.52	0.8203679171148515
11.53	0.8217927889440741
11.540000000000001	0.8232188971884394
11.55	0.8246462418484882
11.56	0.8260748229247624
11.57	0.8275046404178032
11.58	0.8289356943281525
11.59	0.8303679846563516
11.6	0.8318015114029421
11.61	0.8332362745684654
11.620000000000001	0.8346722741534632
11.63	0.8361095101584768
11.64	0.8375479825840476
11.65	0.8389876914307175
11.66	0.8404286366990275
11.67	0.8418708183895196
11.68	0.8433142365027351
11.69	0.8447588910392154
11.700000000000001	0.8462047819995024
11.71	0.8476519093841371
11.72	0.8491002731936612
11.73	0.8505498734286163
11.74	0.8520007100895438
11.75	0.8534527831769851
11.76	0.8549060926914822
11.77	0.856360638633576
11.78	0.8578164210038083
11.790000000000001	0.859273439802721
11.8	0.8607316950308549
11.81	0.8621911866887516
11.82	0.8636519147769529
11.83	0.8651138792960004
11.84	0.866577080246435
11.85	0.8680415176287991
11.86	0.8695071914436334
11.870000000000001	0.8709741016914799
11.88	0.87244224837288
11.89	0.8739116314883751
11.9	0.8753822510385065
11.91	0.8768541070238164
11.92	0.8783271994448455
11.93	0.8798015283021358
11.94	0.8812770935962287
11.950000000000001	0.882753895327666
11.96	0.8842319334969885
11.97	0.8857112081047384
11.98	0.8871917191514566
11.99	0.8886734666376849
12.0	0.8901564505639651
12.01	0.8916406709308382
12.02	0.8931261277388459
12.030000000000001	0.8946128209885303
12.040000000000001	0.896100750680432
12.05	0.8975899168150927
12.06	0.8990803193930544
12.07	0.900571958414858
12.08	0.9020648338810453
12.09	0.903558945792158
12.1	0.9050542941487372
12.11	0.9065508789513247
12.120000000000001	0.9080487002004621
12.13	0.9095477578966905
12.14	0.9110480520405515
12.15	0.9125495826325871
12.16	0.9140523496733381
12.17	0.9155563531633465
12.18	0.9170615931031537
12.19	0.918568069493301
12.200000000000001	0.9200757823343305
12.21	0.921584731626783
12.22	0.9230949173712002
12.23	0.9246063395681238
12.24	0.9261189982180952
12.25	0.9276328933216558
12.26	0.9291480248793472
12.27	0.9306643928917111
12.280000000000001	0.9321819973592889
12.290000000000001	0.9337008382826218
12.3	0.9352209156622517
12.31	0.9367422294987198
12.32	0.9382647797925678
12.33	0.9397885665443373
12.34	0.9413135897545695
12.35	0.9428398494238062
12.36	0.9443673455525887
12.370000000000001	0.9458960781414588
12.38	0.9474260471909578
12.39	0.948957252701627
12.4	0.9504896946740081
12.41	0.9520233731086427
12.42	0.9535582880060722
12.43	0.9550944393666049
12.44	0.9566318271889309
12.450000000000001	0.9581704514710558
12.46	0.9597103122109814
12.47	0.9612514094067103
12.48	0.962793743056245
12.49	0.9643373131575883
12.5	0.9658821197087425
12.51	0.9674281627077099
12.52	0.9689754421524932
12.530000000000001	0.9705239580410954
12.540000000000001	0.972073710371518
12.55	0.9736246991417641
12.56	0.9751769243498359
12.57	0.9767303859937361
12.58	0.9782850840714672
12.59	0.9798410185810315
12.6	0.9813981895204317
12.61	0.9829565968876701
12.620000000000001	0.9845162406807497
12.63	0.9860771208976722
12.64	0.9876392375364405
12.65	0.989202590595057
12.66	0.9907671800715244
12.67	0.992333005963845
12.68	0.9939000682700214
12.69	0.9954683669880559
12.700000000000001	0.9970379021159516
12.71	0.99860867365171
12.72	1.0001806815933343
12.73	1.0017539259388266
12.74	1.0033284066861898
12.75	1.004904123833426
12.76	1.006481077378538
12.77	1.008059267319528
12.780000000000001	1.0096386936543993
12.790000000000001	1.0112193563811531
12.8	1.0128012554977928
12.81	1.0143843910023203
12.82	1.0159687628927387
12.83	1.01755437116705
12.84	1.019141215823257
12.85	1.020729296859362
12.86	1.0223186142733676
12.870000000000001	1.0239091680632768
12.88	1.025500958227091
12.89	1.0270939847628133
12.9	1.0286882476684465
12.91	1.0302837469419923
12.92	1.0318804825814538
12.93	1.0334784545848335
12.94	1.0350776629501333
12.950000000000001	1.0366781076753566
12.96	1.0382797887585054
12.97	1.0398827061975817
12.98	1.0414868599905887
12.99	1.0430922501355286
13.0	1.044698876630404
13.01	1.0463067394732175
13.02	1.0479158386619714
13.030000000000001	1.0495261741946684
13.040000000000001	1.0511377460693103
13.05	1.0527505542839006
13.06	1.054364598836441
13.07	1.0559798797249345
13.08	1.057596396947383
13.09	1.05921415050179
13.1	1.0608331403861568
13.11	1.0624533665984868
13.120000000000001	1.064074829136782
13.13	1.0656975279990453
13.14	1.0673214631832788
13.15	1.0689466346874852
13.16	1.0705730425096665
13.17	1.072200686647826
13.18	1.0738295670999658
13.19	1.0754596838640882
13.200000000000001	1.0770910369381963
13.21	1.078723626320292
13.22	1.0803574520083776
13.23	1.0819925140004563
13.24	1.08362881229453
13.25	1.0852663468886017
13.26	1.0869051177806734
13.27	1.088545124968748
13.280000000000001	1.090186368450828
13.290000000000001	1.0918288482249154
13.3	1.0934725642890128
13.31	1.0951175166411233
13.32	1.0967637052792487
13.33	1.0984111302013921
13.34	1.1000597914055554
13.35	1.101709688889741
13.36	1.1033608226519525
13.370000000000001	1.1050131926901914
13.38	1.1066667990024603
13.39	1.1083216415867618
13.4	1.1099777204410983
13.41	1.1116350355634725
13.42	1.113293586951887
13.43	1.1149533746043436
13.44	1.1166143985188455
13.450000000000001	1.1182766586933957
13.46	1.119940155125995
13.47	1.121604887814647
13.48	1.1232708567573544
13.49	1.124938061952119
13.5	1.1266065033969437
13.51	1.1282761810898307
13.52	1.129947095028783
13.530000000000001	1.131619245211803
13.540000000000001	1.1332926316368928
13.55	1.134967254302055
13.56	1.136643113205292
13.57	1.1383202083446067
13.58	1.1399985397180012
13.59	1.141678107323478
13.6	1.14335891115904
13.61	1.1450409512226893
13.620000000000001	1.146724227512429
13.63	1.1484087400262606
13.64	1.1500944887621871
13.65	1.151781473718211
13.66	1.1534696948923349
13.67	1.155159152282561
13.68	1.1568498458868923
13.69	1.1585417757033305
13.700000000000001	1.1602349417298792
13.71	1.1619293439645395
13.72	1.163624982405315
13.73	1.1653218570502077
13.74	1.1670199678972204
13.75	1.1687193149443553
13.76	1.1704198981896148
13.77	1.1721217176310017
13.780000000000001	1.1738247732665188
13.790000000000001	1.1755290650941677
13.8	1.1772345931119514
13.81	1.1789413573178724
13.82	1.180649357709933
13.83	1.1823585942861359
13.84	1.1840690670444838
13.85	1.1857807759829784
13.86	1.1874937210996233
13.870000000000001	1.18920790239242
13.88	1.1909233198593716
13.89	1.19263997349848
13.9	1.1943578633077485
13.91	1.1960769892851788
13.92	1.197797351428774
13.93	1.1995189497365362
13.94	1.201241784206468
13.950000000000001	1.2029658548365723
13.96	1.204691161624851
13.97	1.2064177045693065
13.98	1.2081454836679422
13.99	1.2098744989187593
14.0	1.2116047503197613
14.01	1.2133362378689505
14.02	1.2150689615643289
14.030000000000001	1.2168029214039
14.040000000000001	1.2185381173856653
14.05	1.2202745495076275
14.06	1.222012217767789
14.07	1.223751122164153
14.08	1.2254912626947214
14.09	1.2272326393574968
14.1	1.2289752521504815
14.11	1.2307191010716783
14.120000000000001	1.2324641861190897
14.13	1.2342105072907181
14.14	1.2359580645845658
14.15	1.2377068579986354
14.16	1.2394568875309293
14.17	1.2412081531794503
14.18	1.2429606549422008
14.19	1.2447143928171833
14.200000000000001	1.2464693668024003
14.21	1.2482255768958537
14.22	1.2499830230955469
14.23	1.251741705399482
14.24	1.253501623805661
14.25	1.2552627783120873
14.26	1.2570251689167626
14.27	1.2587887956176902
14.280000000000001	1.2605536584128718
14.290000000000001	1.2623197573003104
14.3	1.264087092278008
14.31	1.2658556633439677
14.32	1.2676254704961918
14.33	1.2693965137326826
14.34	1.2711687930514424
14.35	1.272942308450474
14.36	1.27471705992778
14.370000000000001	1.2764930474813632
14.38	1.278270271109225
14.39	1.2800487308093689
14.4	1.281828426579797
14.41	1.2836093584185115
14.42	1.2853915263235154
14.43	1.287174930292811
14.44	1.2889595703244008
14.450000000000001	1.2907454464162877
14.46	1.2925325585664733
14.47	1.2943209067729606
14.48	1.296110491033752
14.49	1.2979013113468503
14.5	1.2996933677102576
14.51	1.3014866601219766
14.52	1.3032811885800095
14.530000000000001	1.3050769530823596
14.540000000000001	1.3068739536270282
14.55	1.3086721902120184
14.56	1.310471662835333
14.57	1.3122723714949742
14.58	1.314074316188944
14.59	1.3158774969152456
14.6	1.3176819136718814
14.61	1.3194875664568537
14.620000000000001	1.3212944552681651
14.63	1.323102580103818
14.64	1.3249119409618146
14.65	1.326722537840158
14.66	1.3285343707368504
14.67	1.3303474396498942
14.68	1.332161744577292
14.69	1.3339772855170462
14.700000000000001	1.3357940624671598
14.71	1.3376120754256344
14.72	1.3394313243904732
14.73	1.3412518093596784
14.74	1.3430735303312522
14.75	1.3448964873031977
14.76	1.346720680273517
14.77	1.3485461092402127
14.780000000000001	1.3503727742012877
14.790000000000001	1.352200675154744
14.8	1.3540298120985834
14.81	1.3558601850308096
14.82	1.357691793949425
14.83	1.3595246388524314
14.84	1.3613587197378318
14.85	1.3631940366036284
14.86	1.3650305894478238
14.870000000000001	1.3668683782684208
14.88	1.3687074030634214
14.89	1.3705476638308283
14.9	1.372389160568644
14.91	1.374231893274871
14.92	1.3760758619475117
14.93	1.3779210665845685
14.94	1.3797675071840445
14.950000000000001	1.3816151837439417
14.96	1.3834640962622624
14.97	1.3853142447370093
14.98	1.3871656291661851
14.99	1.3890182495477919
15.0	1.3908721058798326
15.01	1.3927271981603093
15.02	1.3945835263872244
15.030000000000001	1.3964410905585816
15.040000000000001	1.3982998906723818
15.05	1.4001599267266285
15.06	1.4020211987193234
15.07	1.4038837066484697
15.08	1.4057474505120693
15.09	1.4076124303081252
15.1	1.4094786460346402
15.11	1.4113460976896157
15.120000000000001	1.4132147852710553
15.13	1.4150847087769607
15.14	1.4169558682053345
15.15	1.4188282635541798
15.16	1.4207018948214982
15.17	1.422576762005293
15.18	1.424452865103566
15.19	1.4263302041143202
15.200000000000001	1.4282087790355582
15.21	1.4300885898652822
15.22	1.4319696366014942
15.23	1.4338519192421975
15.24	1.4357354377853941
15.25	1.437620192229087
15.26	1.439506182571278
15.27	1.4413934088099705
15.280000000000001	1.4432818709431663
15.290000000000001	1.445171568968868
15.3	1.4470625028850777
15.31	1.4489546726897988
15.32	1.450848078381033
15.33	1.4527427199567833
15.34	1.454638597415052
15.35	1.4565357107538415
15.36	1.4584340599711543
15.370000000000001	1.4603336450649935
15.38	1.4622344660333606
15.39	1.4641365228742587
15.4	1.46603981558569
15.41	1.4679443441656574
15.42	1.4698501086121627
15.43	1.471757108923209
15.44	1.473665345096799
15.450000000000001	1.4755748171309349
15.46	1.4774855250236185
15.47	1.479397468772853
15.48	1.4813106483766407
15.49	1.4832250638329845
15.5	1.4851407151398863
15.51	1.4870576022953488
15.52	1.4889757252973748
15.530000000000001	1.4908950841439668
15.540000000000001	1.4928156788331266
15.55	1.494737509362857
15.56	1.4966605757311608
15.57	1.4985848779360402
15.58	1.5005104159754978
15.59	1.5024371898475362
15.6	1.504365199550158
15.610000000000001	1.5062944450813653
15.620000000000001	1.5082249264391605
15.63	1.5101566436215466
15.64	1.5120895966265255
15.65	1.5140237854521004
15.66	1.5159592100962733
15.67	1.5178958705570467
15.68	1.519833766832423
15.69	1.5217728989204053
15.700000000000001	1.523713266818996
15.71	1.5256548705261965
15.72	1.5275977100400104
15.73	1.52954178535844
15.74	1.5314870964794873
15.75	1.5334336434011553
15.76	1.5353814261214465
15.77	1.537330444638363
15.780000000000001	1.539280698949908
15.790000000000001	1.541232189054083
15.8	1.5431849149488912
15.81	1.5451388766323348
15.82	1.5470940741024164
15.83	1.5490505073571383
15.84	1.5510081763945034
15.85	1.5529670812125138
15.860000000000001	1.5549272218091725
15.870000000000001	1.5568885981824812
15.88	1.558851210330443
15.89	1.5608150582510603
15.9	1.5627801419423353
15.91	1.5647464614022708
15.92	1.566714016628869
15.93	1.568682807620133
15.94	1.5706528343740647
15.950000000000001	1.572624096888667
15.96	1.5745965951619416
15.97	1.5765703291918918
15.98	1.5785452989765199
15.99	1.5805215045138281
16.0	1.5824989458018193
16.01	1.584477622838496
16.02	1.5864575356218602
16.03	1.5884386841499152
16.04	1.5904210684206623
16.05	1.592404688432105
16.06	1.5943895441822453
16.07	1.5963756356690864
16.080000000000002	1.5983629628906297
16.09	1.6003515258448784
16.1	1.602341324529835
16.11	1.6043323589435012
16.12	1.6063246290838809
16.13	1.608318134948975
16.14	1.6103128765367878
16.15	1.61230885384532
16.16	1.6143060668725755
16.17	1.6163045156165559
16.18	1.6183042000752634
16.19	1.6203051202467018
16.2	1.6223072761288724
16.21	1.6243106677197785
16.22	1.6263152950174218
16.23	1.6283211580198058
16.240000000000002	1.6303282567249322
16.25	1.6323365911308032
16.26	1.6343461612354224
16.27	1.6363569670367912
16.28	1.638369008532913
16.29	1.6403822857217893
16.3	1.642396798601424
16.31	1.6444125471698179
16.32	1.6464295314249748
16.330000000000002	1.648447751364897
16.34	1.650467206987586
16.35	1.6524878982910456
16.36	1.6545098252732773
16.37	1.6565329879322845
16.38	1.6585573862660685
16.39	1.6605830202726333
16.4	1.6626098899499797
16.41	1.6646379952961117
16.42	1.6666673363090312
16.43	1.66869791298674
16.44	1.670729725327242
16.45	1.6727627733285382
16.46	1.6747970569886323
16.47	1.676832576305526
16.48	1.6788693312772225
16.490000000000002	1.6809073219017239
16.5	1.682946548177032
16.51	1.6849870101011506
16.52	1.6870287076720811
16.53	1.689071640887827
16.54	1.6911158097463896
16.55	1.6931612142457726
16.56	1.6952078543839773
16.57	1.6972557301590074
16.580000000000002	1.6993048415688652
16.59	1.7013551886115519
16.6	1.7034067712850716
16.61	1.7054595895874254
16.62	1.707513643516617
16.63	1.7095689330706478
16.64	1.7116254582475217
16.65	1.7136832190452396
16.66	1.7157422154618052
16.67	1.7178024474952205
16.68	1.7198639151434876
16.69	1.7219266184046098
16.7	1.7239905572765888
16.71	1.726055731757428
16.72	1.728122141845129
16.73	1.7301897875376953
16.740000000000002	1.7322586688331283
16.75	1.7343287857294305
16.76	1.736400138224606
16.77	1.7384727263166548
16.78	1.740546550003582
16.79	1.7426216092833877
16.8	1.7446979041540762
16.81	1.7467754346136486
16.82	1.7488542006601093
16.830000000000002	1.7509342022914591
16.84	1.7530154395057005
16.85	1.7550979123008372
16.86	1.75718162067487
16.87	1.7592665646258037
16.88	1.7613527441516381
16.89	1.7634401592503777
16.9	1.765528809920024
16.91	1.7676186961585802
16.92	1.7697098179640487
16.93	1.771802175334431
16.94	1.7738957682677308
16.95	1.7759905967619496
16.96	1.7780866608150907
16.97	1.780183960425156
16.98	1.7822824955901488
16.990000000000002	1.7843822663080708
17.0	1.7864832725769242
17.01	1.788585514394713
17.02	1.7906889917594377
17.03	1.7927937046691027
17.04	1.794899653121709
17.05	1.79700683711526
17.06	1.7991152566477573
17.07	1.8012249117172048
17.080000000000002	1.8033358023216044
17.09	1.8054479284589573
17.1	1.8075612901272677
17.11	1.809675887324537
17.12	1.811791720048769
17.13	1.813908788297964
17.14	1.8160270920701271
17.150000000000002	1.8181466313632593
17.16	1.8202674061753625
17.17	1.822389416504441
17.18	1.8245126623484953
17.19	1.8266371437055295
17.2	1.828762860573545
17.21	1.8308898129505455
17.22	1.833018000834532
17.23	1.8351474242235084
17.240000000000002	1.8372780831154765
17.25	1.8394099775084378
17.26	1.841543107400397
17.27	1.8436774727893546
17.28	1.8458130736733147
17.29	1.847949910050278
17.3	1.8500879819182487
17.31	1.8522272892752278
17.32	1.8543678321192196
17.330000000000002	1.8565096104482253
17.34	1.858652624260247
17.35	1.8607968735532885
17.36	1.862942358325351
17.37	1.8650890785744385
17.38	1.8672370342985514
17.39	1.8693862254956943
17.400000000000002	1.871536652163869
17.41	1.873688314301077
17.42	1.8758412119053223
17.43	1.8779953449746059
17.44	1.8801507135069317
17.45	1.882307317500301
17.46	1.884465156952717
17.47	1.886624231862182
17.48	1.888784542226699
17.490000000000002	1.89094608804427
17.5	1.8931088693128966
17.51	1.8952728860305832
17.52	1.8974381381953305
17.53	1.8996046258051424
17.54	1.90177234885802
17.55	1.9039413073519675
17.56	1.9061115012849854
17.57	1.9082829306550781
17.580000000000002	1.9104555954602476
17.59	1.9126294956984948
17.6	1.9148046313678242
17.61	1.916981002466237
17.62	1.919158608991737
17.63	1.9213374509423247
17.64	1.9235175283160049
17.650000000000002	1.925698841110779
17.66	1.9278813893246483
17.67	1.9300651729556175
17.68	1.9322501920016872
17.69	1.9344364464608617
17.7	1.9366239363311415
17.71	1.938812661610531
17.72	1.941002622297031
17.73	1.9431938183886457
17.740000000000002	1.9453862498833767
17.75	1.9475799167792256
17.76	1.9497748190741964
17.77	1.9519709567662906
17.78	1.9541683298535115
17.79	1.9563669383338604
17.8	1.9585667822053412
17.81	1.960767861465955
17.82	1.9629701761137062
17.830000000000002	1.9651737261465956
17.84	1.9673785115626257
17.85	1.9695845323598
17.86	1.97179178853612
17.87	1.9740002800895895
17.88	1.976210007018209
17.89	1.9784209693199832
17.900000000000002	1.9806331669929136
17.91	1.982846600035002
17.92	1.9850612684442521
17.93	1.9872771722186648
17.94	1.9894943113562449
17.95	1.9917126858549925
17.96	1.9939322957129118
17.97	1.9961531409280044
17.98	1.9983752214982735
17.990000000000002	2.000598537421721
18.0	2.002823088696349
18.01	2.005048875320162
18.02	2.0072758972911595
18.03	2.009504154607346
18.04	2.0117336472667238
18.05	2.013964375267295
18.06	2.0161963386070623
18.07	2.018429537284028
18.080000000000002	2.020663971296195
18.09	2.0228996406415645
18.1	2.025136545318141
18.11	2.027374685323925
18.12	2.0296140606569213
18.13	2.0318546713151293
18.14	2.034096517296555
18.150000000000002	2.036339598599199
18.16	2.0385839152210625
18.17	2.040829467160151
18.18	2.043076254414464
18.19	2.045324276982006
18.2	2.0475735348607786
18.21	2.049824028048785
18.22	2.052075756544027
18.23	2.054328720344507
18.240000000000002	2.0565829194482292
18.25	2.0588383538531936
18.26	2.0610950235574044
18.27	2.0633529285588628
18.28	2.0656120688555726
18.29	2.0678724444455354
18.3	2.0701340553267547
18.31	2.0723969014972305
18.32	2.0746609829549687
18.330000000000002	2.0769262996979703
18.34	2.079192851724237
18.35	2.0814606390317723
18.36	2.083729661618578
18.37	2.0859999194826573
18.38	2.0882714126220114
18.39	2.090544141034645
18.400000000000002	2.0928181047185586
18.41	2.0950933036717556
18.42	2.0973697378922385
18.43	2.0996474073780087
18.44	2.1019263121270706
18.45	2.104206452137425
18.46	2.1064878274070753
18.47	2.108770437934023
18.48	2.111054283716273
18.490000000000002	2.113339364751825
18.5	2.1156256810386824
18.51	2.1179132325748493
18.52	2.120202019358325
18.53	2.122492041387115
18.54	2.12478329865922
18.55	2.127075791172644
18.56	2.1293695189253867
18.57	2.1316644819154544
18.580000000000002	2.1339606801408473
18.59	2.1362581135995673
18.6	2.1385567822896183
18.61	2.1408566862090024
18.62	2.1431578253557224
18.63	2.145460199727779
18.64	2.147763809323178
