0.0	0.0
0.01	9.87024221417467e-07
0.02	3.9506243195369636e-06
0.03	8.890800254915197e-06
0.04	1.580755198810888e-05
0.05	2.4700879479674723e-05
0.06	3.5570782690169424e-05
0.07	4.8417261580149706e-05
0.08	6.324031611017227e-05
0.09	8.003994624079382e-05
0.1	9.881615193257111e-05
0.11	0.00011956893314606075
0.12	0.00014229828984181956
0.13	0.0001670042219804042
0.14	0.00019368672952237137
0.15	0.00022234581242827774
0.16	0.00025298147065868016
0.17	0.00028559370417413524
0.18	0.0003201825129351996
0.19	0.0003567478969024301
0.2	0.0003952898560363835
0.21	0.00043580839029761615
0.22	0.00047830349964668526
0.23	0.0005227751840441472
0.24	0.0005692234434505588
0.25	0.0006176482778264767
0.26	0.0006680496871324578
0.27	0.0007204276713290585
0.28	0.0007747822303768357
0.29	0.0008311133642363459
0.3	0.0008894210728681462
0.31	0.0009497053562327932
0.32	0.0010119662142908433
0.33	0.0010762036470028536
0.34	0.0011424176543293806
0.35000000000000003	0.001210608236230981
0.36	0.0012807753926682112
0.37	0.0013529191236016287
0.38	0.0014270394289917897
0.39	0.0015031363087992511
0.4	0.0015812097629845695
0.41000000000000003	0.0016612597915083012
0.42	0.0017432863943310029
0.43	0.0018272895714132324
0.44	0.0019132693227155457
0.45	0.0020012256481984994
0.46	0.0020911585478226506
0.47000000000000003	0.0021830680215485557
0.48	0.002276954069336771
0.49	0.0023728166911478536
0.5	0.002470655886942361
0.51	0.002570471656680849
0.52	0.0026722640003238743
0.53	0.002776032917831994
0.54	0.0028817784091657644
0.55	0.002989500474285742
0.56	0.0030991991131524847
0.5700000000000001	0.0032108743257265484
0.58	0.0033245261119684887
0.59	0.0034401544718388644
0.6	0.0035577594052982314
0.61	0.003677340912307146
0.62	0.0037988989928261657
0.63	0.003922433646815846
0.64	0.004047944874236744
0.65	0.004175432675049418
0.66	0.004304897049214424
0.67	0.004436337996692317
0.68	0.004569755517443653
0.6900000000000001	0.004705149611428993
0.7000000000000001	0.004842520278608891
0.71	0.004981867518943902
0.72	0.005123191332394586
0.73	0.005266491718921498
0.74	0.005411768678485196
0.75	0.005559022211046236
0.76	0.005708252316565174
0.77	0.005859458995002566
0.78	0.006012642246318973
0.79	0.006167802070474947
0.8	0.0063249384674310466
0.81	0.006484051437147827
0.8200000000000001	0.006645140979585847
0.8300000000000001	0.006808207094705662
0.84	0.0069732497824678275
0.85	0.007140269042832904
0.86	0.007309264875761446
0.87	0.007480237281214013
0.88	0.007653186259151155
0.89	0.007828111809533434
0.9	0.008005013932321408
0.91	0.008183892627475627
0.92	0.008364747894956654
0.93	0.008547579734725044
0.9400000000000001	0.008732388146741354
0.9500000000000001	0.008919173130966136
0.96	0.009107934687359953
0.97	0.00929867281588336
0.98	0.009491387516496913
0.99	0.009686078789161168
1.0	0.009882746633836684
1.01	0.010081391050484017
1.02	0.01028201203906372
1.03	0.010484609599536352
1.04	0.010689183731862475
1.05	0.010895734436002637
1.06	0.011104261711917402
1.07	0.01131476555956732
1.08	0.011527245978912954
1.09	0.011741702969914858
1.1	0.011958136532533586
1.11	0.0121765466667297
1.12	0.012396933372463751
1.1300000000000001	0.012619296649696306
1.1400000000000001	0.012843636498387908
1.1500000000000001	0.01306995291849912
1.16	0.013298245909990496
1.17	0.0135285154728226
1.18	0.013760761606955985
1.19	0.013994984312351208
1.2	0.014231183588968821
1.21	0.014469359436769387
1.22	0.014709511855713462
1.23	0.014951640845761595
1.24	0.015195746406874353
1.25	0.015441828539012287
1.26	0.015689887242135957
1.27	0.015939922516205914
1.28	0.016191934361182724
1.29	0.016445922777026934
1.3	0.016701887763699103
1.31	0.016959829321159796
1.32	0.017219747449369556
1.33	0.017481642148288946
1.34	0.01774551341787853
1.35	0.01801136125809886
1.36	0.018279185668910486
1.37	0.01854898665027397
1.3800000000000001	0.018820764202149873
1.3900000000000001	0.019094518324498738
1.4000000000000001	0.019370249017281137
1.41	0.019647956280457617
1.42	0.019927640113988742
1.43	0.020209300517835063
1.44	0.02049293749195714
1.45	0.02077855103631553
1.46	0.021066141150870785
1.47	0.021355707835583465
1.48	0.02164725109041413
1.49	0.021940770915323333
1.5	0.022236267310271632
1.51	0.02253374027521958
1.52	0.022833189810127736
1.53	0.023134615914956656
1.54	0.0234380185896669
1.55	0.023743397834219027
1.56	0.02405075364857358
1.57	0.024360086032691134
1.58	0.024671394986532234
1.59	0.024984680510057436
1.6	0.025299942603227304
1.61	0.025617181266002383
1.62	0.025936396498343246
1.6300000000000001	0.026257588300210435
1.6400000000000001	0.02658075667156452
1.6500000000000001	0.026905901612366046
1.6600000000000001	0.02723302312257557
1.67	0.027562121202153657
1.68	0.027893195851060856
1.69	0.028226247069257734
1.7	0.028561274856704844
1.71	0.028898279213362733
1.72	0.029237260139191968
1.73	0.029578217634153105
1.74	0.029921151698206694
1.75	0.030266062331313296
1.76	0.030612949533433464
1.77	0.030961813304527765
1.78	0.031312653644556744
1.79	0.031665470553480964
1.8	0.032020264031260987
1.81	0.03237703407785736
1.82	0.03273578069323063
1.83	0.03309650387734138
1.84	0.03345920363015014
1.85	0.0338238799516175
1.86	0.03419053284170399
1.87	0.03455916230037016
1.8800000000000001	0.03492976832757659
1.8900000000000001	0.03530235092328383
1.9000000000000001	0.03567691008745242
1.9100000000000001	0.03605344582004294
1.92	0.036431958121015934
1.93	0.03681244699033196
1.94	0.03719491242795158
1.95	0.037579354433835345
1.96	0.037965773007943814
1.97	0.038354168150237546
1.98	0.038744539860677094
1.99	0.03913688813922301
2.0	0.03953121298583587
2.0100000000000002	0.03992751440047621
2.02	0.04032579238310458
2.0300000000000002	0.04072604693368158
2.04	0.04112827805216771
2.05	0.041532485738523556
2.06	0.04193866999270968
2.07	0.04234683081468664
2.08	0.04275696820441498
2.09	0.04316908216185525
2.1	0.04358317268696802
2.11	0.04399923977971385
2.12	0.04441728344005331
2.13	0.044837303667946894
2.14	0.04525930046335524
2.15	0.04568327382623885
2.16	0.04610922375655831
2.17	0.04653715025427415
2.18	0.04696705331934695
2.19	0.04739893295173724
2.2	0.047832789151405625
2.21	0.04826862191831261
2.22	0.04870643125241878
2.23	0.04914621715368469
2.24	0.049587979622070885
2.25	0.05003171865753792
2.2600000000000002	0.05047743426004638
2.27	0.05092512642955678
2.2800000000000002	0.05137479516602972
2.29	0.051826440469425715
2.3000000000000003	0.052280062339705356
2.31	0.05273566077682917
2.32	0.053193235780757735
2.33	0.05365278735145162
2.34	0.05411431548887133
2.35	0.054577820192977494
2.36	0.0550433014637306
2.37	0.05551075930109124
2.38	0.05598019370501997
2.39	0.05645160467547734
2.4	0.05692499221242391
2.41	0.05740035631582025
2.42	0.057877696985626885
2.43	0.0583570142218044
2.44	0.05883830802431333
2.45	0.059321578393114256
2.46	0.059806825328167695
2.47	0.06029404882943427
2.48	0.060783248896874455
2.49	0.06127442553044887
2.5	0.06176757873011805
2.5100000000000002	0.06226270849584256
2.52	0.06275981482758293
2.5300000000000002	0.06325889772529976
2.54	0.06375995718895355
2.5500000000000003	0.06426299321850493
2.56	0.06476800581391438
2.57	0.06527499497514251
2.58	0.06578396070214985
2.59	0.06629490299489696
2.6	0.06680782185334444
2.61	0.06732271727745279
2.62	0.06783958926718259
2.63	0.06835843782249437
2.64	0.06887926294334874
2.65	0.0694020646297062
2.66	0.06992684288152735
2.67	0.07045359769877273
2.68	0.07098232908140291
2.69	0.07151303702937839
2.7	0.07204572154265981
2.71	0.07258038262120767
2.72	0.07311702026498255
2.73	0.07365563447394499
2.74	0.0741962252480556
2.75	0.07473879258727482
2.7600000000000002	0.07528333649156334
2.77	0.07582985696088163
2.7800000000000002	0.07637835399519027
2.79	0.07692882759444983
2.8000000000000003	0.07748127775862088
2.81	0.0780357044876639
2.82	0.07859210778153952
2.83	0.07915048764020832
2.84	0.07971084406363077
2.85	0.0802731770517675
2.86	0.080837486604579
2.87	0.0814037727220259
2.88	0.08197203540406868
2.89	0.08254227465066798
2.9	0.0831144904617843
2.91	0.08368868283737824
2.92	0.08426485177741026
2.93	0.08484299728184103
2.94	0.08542311935063104
2.95	0.08600521798374089
2.96	0.0865892931811311
2.97	0.08717534494276227
2.98	0.08776337326859489
2.99	0.08835337815858957
3.0	0.08894535961270685
3.0100000000000002	0.0895393176309073
3.02	0.09013525221315144
3.0300000000000002	0.09073316335939988
3.04	0.09133305106961313
3.0500000000000003	0.09193491534375177
3.06	0.09253875618177633
3.0700000000000003	0.09314457358364742
3.08	0.09375236754932553
3.09	0.0943621380787713
3.1	0.09497388517194522
3.11	0.09558760882880783
3.12	0.09620330904931976
3.13	0.09682098583344151
3.14	0.09744063918113367
3.15	0.09806226909235678
3.16	0.0986858755670714
3.17	0.09931145860523806
3.18	0.09993901820681739
3.19	0.10056855437176987
3.2	0.1012000671000561
3.21	0.10183355639163658
3.22	0.10246902224647197
3.23	0.10310646466452272
3.24	0.10374588364574945
3.25	0.10438727919011268
3.2600000000000002	0.10503065129757302
3.27	0.10567599996809095
3.2800000000000002	0.10632332520162711
3.29	0.106972626998142
3.3000000000000003	0.10762390535759621
3.31	0.10827716027995024
3.3200000000000003	0.10893239176516473
3.33	0.10958959981320014
3.34	0.1102487844240171
3.35	0.11090994559757616
3.36	0.11157308333383786
3.37	0.11223819763276278
3.38	0.11290528849431142
3.39	0.11357435591844439
3.4	0.11424539990512222
3.41	0.1149184204543055
3.42	0.11559341756595473
3.43	0.11627039124003054
3.44	0.11694934147649341
3.45	0.11763026827530397
3.46	0.11831317163642269
3.47	0.11899805155981022
3.48	0.11968490804542706
3.49	0.12037374109323377
3.5	0.12106455070319092
3.5100000000000002	0.1217573368752591
3.52	0.12245209960939878
3.5300000000000002	0.12314883890557059
3.54	0.12384755476373505
3.5500000000000003	0.12454824718385275
3.56	0.1252509161658842
3.5700000000000003	0.12595556170979003
3.58	0.1266621838155307
3.59	0.12737078248306682
3.6	0.12808135771235898
3.61	0.12879390950336767
3.62	0.12950843785605348
3.63	0.130224942770377
3.64	0.1309434242462987
3.65	0.13166388228377923
3.66	0.1323863168827791
3.67	0.13311072804325885
3.68	0.13383711576517907
3.69	0.13456548004850027
3.7	0.13529582089318312
3.71	0.136028138299188
3.72	0.13676243226647564
3.73	0.13749870279500648
3.74	0.13823694988474117
3.75	0.13897717353564015
3.7600000000000002	0.13971937374766408
3.77	0.14046355052077347
3.7800000000000002	0.14120970385492887
3.79	0.14195783375009086
3.8000000000000003	0.14270794020622
3.81	0.14346002322327683
3.8200000000000003	0.14421408280122192
3.83	0.14497011894001577
3.84	0.14572813163961904
3.85	0.14648812089999222
3.86	0.14725008672109582
3.87	0.14801402910289055
3.88	0.1487799480453368
3.89	0.14954784354839523
3.9	0.15031771561202636
3.91	0.15108956423619074
3.92	0.15186338942084895
3.93	0.15263919116596156
3.94	0.15341696947148906
3.95	0.15419672433739212
3.96	0.15497845576363115
3.97	0.15576216375016683
3.98	0.15654784829695959
3.99	0.15733550940397018
4.0	0.15812514707115893
4.01	0.15891676129848653
4.0200000000000005	0.1597103520859136
4.03	0.1605059194334006
4.04	0.161303463340908
4.05	0.16210298380839652
4.0600000000000005	0.16290448083582668
4.07	0.16370795442315897
4.08	0.164513404570354
4.09	0.16532083127737224
4.1	0.1661302345441744
4.11	0.166941614370721
4.12	0.1677549707569725
4.13	0.16857030370288947
4.14	0.1693876132084325
4.15	0.17020689927356228
4.16	0.1710281618982391
4.17	0.1718514010824237
4.18	0.17267661682607657
4.19	0.1735038091291584
4.2	0.17433297799162953
4.21	0.1751641234134506
4.22	0.17599724539458225
4.23	0.17683234393498504
4.24	0.17766941903461939
4.25	0.1785084706934459
4.26	0.17934949891142515
4.2700000000000005	0.18019250368851783
4.28	0.18103748502468428
4.29	0.1818844429198851
4.3	0.18273337737408094
4.3100000000000005	0.18358428838723234
4.32	0.1844371759592998
4.33	0.18529204009024386
4.34	0.18614888078002514
4.3500000000000005	0.18700769802860426
4.36	0.18786849183594162
4.37	0.18873126220199785
4.38	0.18959600912673352
4.39	0.19046273261010915
4.4	0.1913314326520854
4.41	0.1922021092526227
4.42	0.19307476241168162
4.43	0.19394939212922277
4.44	0.19482599840520679
4.45	0.195704581239594
4.46	0.19658514063234508
4.47	0.19746767658342063
4.48	0.19835218909278127
4.49	0.19923867816038734
4.5	0.20012714378619956
4.51	0.2010175859701784
4.5200000000000005	0.2019100047122846
4.53	0.20280440001247846
4.54	0.2037007718707207
4.55	0.20459912028697178
4.5600000000000005	0.2054994452611924
4.57	0.20640174679334294
4.58	0.20730602488338407
4.59	0.2082122795312763
4.6000000000000005	0.20912051073698024
4.61	0.21003071850045638
4.62	0.2109429028216653
4.63	0.2118570637005676
4.64	0.21277320113712375
4.65	0.21369131513129444
4.66	0.21461140568304007
4.67	0.2155334727923213
4.68	0.21645751645909864
4.69	0.21738353668333274
4.7	0.21831153346498403
4.71	0.2192415068040131
4.72	0.22017345670038052
4.73	0.22110738315404693
4.74	0.22204328616497276
4.75	0.22298116573311855
4.76	0.22392102185844498
4.7700000000000005	0.2248628545409126
4.78	0.22580666378048186
4.79	0.22675244957711332
4.8	0.22770021193076764
4.8100000000000005	0.2286499508414054
4.82	0.229601666308987
4.83	0.2305553583334731
4.84	0.2315110269148242
4.8500000000000005	0.232468672053001
4.86	0.23342829374796387
4.87	0.23438989199967342
4.88	0.23535346680809024
4.89	0.23631901817317488
4.9	0.23728654609488797
4.91	0.2382560505731899
4.92	0.23922753160804136
4.93	0.24020098919940286
4.94	0.24117642334723502
4.95	0.24215383405149823
4.96	0.24313322131215323
4.97	0.24411458512916046
4.98	0.2450979255024806
4.99	0.24608324243207408
5.0	0.24707053591790148
5.01	0.24805980595992339
5.0200000000000005	0.24905105255810042
5.03	0.250044275712393
5.04	0.2510394754227617
5.05	0.25203665168916717
5.0600000000000005	0.25303580451157
5.07	0.2540369338899306
5.08	0.2550400398242096
5.09	0.2560451223143675
5.1000000000000005	0.25705218136036506
5.11	0.25806121696216255
5.12	0.2590722291197207
5.13	0.26008521783300004
5.14	0.2611001831019611
5.15	0.2621171249265645
5.16	0.26313604330677076
5.17	0.26415693824254033
5.18	0.2651798097338339
5.19	0.2662046577806121
5.2	0.2672314823828353
5.21	0.26826028354046405
5.22	0.26929106125345903
5.23	0.2703238155217808
5.24	0.2713585463453899
5.25	0.27239525372424683
5.26	0.27343393765831214
5.2700000000000005	0.27447459814754654
5.28	0.2755172351919104
5.29	0.2765618487913643
5.3	0.2776084389458689
5.3100000000000005	0.2786570056553847
5.32	0.27970754891987226
5.33	0.2807600687392921
5.34	0.2818145651136048
5.3500000000000005	0.28287103804277103
5.36	0.2839294875267511
5.37	0.2849899135655058
5.38	0.28605231615899557
5.39	0.287116695307181
5.4	0.2881830510100227
5.41	0.28925138326748107
5.42	0.2903216920795168
5.43	0.2913939774460904
5.44	0.29246823936716254
5.45	0.29354447784269355
5.46	0.2946226928726442
5.47	0.29570288445697485
5.48	0.29678505259564636
5.49	0.29786919728861894
5.5	0.29895531853585333
5.51	0.30004341633730996
5.5200000000000005	0.30113349069294965
5.53	0.3022255416027327
5.54	0.3033195690666197
5.55	0.3044155730845713
5.5600000000000005	0.30551355365654814
5.57	0.3066135107825106
5.58	0.3077154444624192
5.59	0.3088193546962346
5.6000000000000005	0.3099252414839175
5.61	0.3110331048254282
5.62	0.31214294472072734
5.63	0.31325476116977546
5.64	0.31436855417253323
5.65	0.3154843237289611
5.66	0.3166020698390196
5.67	0.3177217925026694
5.68	0.318843491719871
5.69	0.319967167490585
5.7	0.32109281981477183
5.71	0.3222204486923922
5.72	0.3233500541234065
5.73	0.32448163610777553
5.74	0.3256151946454596
5.75	0.3267507297364194
5.76	0.3278882413806154
5.7700000000000005	0.3290277295780083
5.78	0.3301691943285585
5.79	0.3313126356322266
5.8	0.3324580534889732
5.8100000000000005	0.3336054478987589
5.82	0.3347548188615441
5.83	0.3359061663772895
5.84	0.3370594904459556
5.8500000000000005	0.338214791067503
5.86	0.3393720682418922
5.87	0.34053132196908376
5.88	0.3416925522490382
5.89	0.34285575908171617
5.9	0.3440209424670783
5.91	0.34518810240508496
5.92	0.34635723889569675
5.93	0.3475283519388742
5.94	0.3487014415345781
5.95	0.3498765076827687
5.96	0.3510535503834066
5.97	0.35223256963645255
5.98	0.3534135654418671
5.99	0.3545965377996106
6.0	0.3557814867096437
6.01	0.35696841217192693
6.0200000000000005	0.3581573141864211
6.03	0.3593481927530863
6.04	0.36054104787188346
6.05	0.361735879542773
6.0600000000000005	0.36293268776571563
6.07	0.3641314725406716
6.08	0.36533223386760166
6.09	0.3665349717464663
6.1000000000000005	0.36773968617722624
6.11	0.36894637715984185
6.12	0.37015504469427374
6.13	0.3713656887804825
6.140000000000001	0.37257830941842873
6.15	0.37379290660807285
6.16	0.37500948034937553
6.17	0.37622803064229726
6.18	0.3774485574867986
6.19	0.37867106088284025
6.2	0.37989554083038257
6.21	0.3811219973293862
6.22	0.38235043037982874
6.23	0.38358083998183296
6.24	0.3848132261355933
6.25	0.3860475888413055
6.26	0.38728392809916484
6.2700000000000005	0.38852224390936685
6.28	0.3897625362721067
6.29	0.3910048051875799
6.3	0.39224905065598203
6.3100000000000005	0.39349527267750845
6.32	0.3947434712523544
6.33	0.3959936463807154
6.34	0.39724579806278687
6.3500000000000005	0.3984999262987644
6.36	0.399756031088843
6.37	0.4010141124332184
6.38	0.40227417033208596
6.390000000000001	0.40353620478564106
6.4	0.4048002157940791
6.41	0.40606620335759547
6.42	0.4073341674763856
6.43	0.4086041081506451
6.44	0.40987602538056916
6.45	0.4111499191663532
6.46	0.4124257895081927
6.47	0.413703636406283
6.48	0.41498345986081975
6.49	0.41626525987199803
6.5	0.41754903644001345
6.51	0.41883478956506137
6.5200000000000005	0.4201225192473374
6.53	0.4214122254870366
6.54	0.4227039082843546
6.55	0.4239975676394868
6.5600000000000005	0.4252932035526287
6.57	0.42659081602397547
6.58	0.4278904050537226
6.59	0.4291919706420657
6.6000000000000005	0.43049551278920006
6.61	0.431801031495321
6.62	0.433108526760624
6.63	0.4344179985853046
6.640000000000001	0.4357294469695581
6.65	0.43704287191357993
6.66	0.43835827341756545
6.67	0.4396756514817102
6.68	0.4409950061062093
6.69	0.44231633729125863
6.7	0.4436396450370533
6.71	0.44496492934378873
6.72	0.4462921902116604
6.73	0.4476214276408639
6.74	0.4489526416315942
6.75	0.450285832184047
6.76	0.45162099929841776
6.7700000000000005	0.45295814297490194
6.78	0.4542972632136947
6.79	0.4556383600149916
6.8	0.45698143337898794
6.8100000000000005	0.45832648330587944
6.82	0.4596735097958612
6.83	0.46102251284912876
6.84	0.4623734924658775
6.8500000000000005	0.463726448646303
6.86	0.4650813813906004
6.87	0.46643829069896525
6.88	0.467797176571593
6.890000000000001	0.46915803900867903
6.9	0.47052087801041875
6.91	0.47188569357700755
6.92	0.47325248570864087
6.93	0.4746212544055141
6.94	0.47599199966782285
6.95	0.47736472149576226
6.96	0.47873941988952784
6.97	0.48011609484931494
6.98	0.48149474637531925
6.99	0.4828753744677358
7.0	0.4842579791267602
7.01	0.4856425603525879
7.0200000000000005	0.48702911814541433
7.03	0.48841765250543473
7.04	0.48980816343284467
7.05	0.49120065092783954
7.0600000000000005	0.49259511499061476
7.07	0.4939915556213657
7.08	0.49538997282028774
7.09	0.4967903665875764
7.1000000000000005	0.49819273692342714
7.11	0.4995970838280352
7.12	0.501003407301596
7.13	0.5024117073443051
7.140000000000001	0.5038219839563579
7.15	0.5052342371379497
7.16	0.506648466889276
7.17	0.5080646732105321
7.18	0.5094828561019135
7.19	0.5109030155636158
7.2	0.512325151595834
7.21	0.5137492641987639
7.22	0.5151753533726007
7.23	0.5166034191175399
7.24	0.5180334614337769
7.25	0.5194654803215071
7.26	0.5208994757809258
7.2700000000000005	0.5223354478122287
7.28	0.523773396415611
7.29	0.5252133215912682
7.3	0.5266552233393956
7.3100000000000005	0.5280991016601888
7.32	0.5295449565538431
7.33	0.5309927880205538
7.34	0.5324425960605165
7.3500000000000005	0.5338943806739266
7.36	0.5353481418609795
7.37	0.5368038796218704
7.38	0.5382615939567951
7.390000000000001	0.5397212848659487
7.4	0.5411829523495267
7.41	0.5426465964077246
7.42	0.5441122170407376
7.43	0.5455798142487613
7.44	0.5470493880319913
7.45	0.5485209383906227
7.46	0.549994465324851
7.47	0.5514699688348715
7.48	0.5529474489208801
7.49	0.5544269055830715
7.5	0.5559083388216416
7.51	0.5573917486367856
7.5200000000000005	0.5588771350286993
7.53	0.5603644979975776
7.54	0.561853837543616
7.55	0.5633451536670102
7.5600000000000005	0.5648384463679555
7.57	0.5663337156466473
7.58	0.5678309615032808
7.59	0.5693301839380516
7.6000000000000005	0.5708313829511554
7.61	0.5723345585427871
7.62	0.5738397107131424
7.63	0.5753468394624166
7.640000000000001	0.5768559447908053
7.65	0.5783670266985037
7.66	0.5798800851857073
7.67	0.5813951202526116
7.68	0.5829121318994118
7.69	0.5844311201263037
7.7	0.5859520849334824
7.71	0.5874750263211432
7.72	0.5889999442894818
7.73	0.5905268388386936
7.74	0.5920557099689737
7.75	0.5935865576805179
7.76	0.5951193819735214
7.7700000000000005	0.5966541828481797
7.78	0.5981909603046881
7.79	0.5997297143432421
7.8	0.6012704449640373
7.8100000000000005	0.6028131521672689
7.82	0.6043578359531323
7.83	0.6059044963218226
7.84	0.607453133273536
7.8500000000000005	0.6090037468084675
7.86	0.6105563369268122
7.87	0.612110903628766
7.88	0.613667446914524
7.890000000000001	0.615225966784282
7.9	0.6167864632382349
7.91	0.6183489362765785
7.92	0.6199133858995081
7.930000000000001	0.6214798121072191
7.94	0.6230482148999069
7.95	0.6246185942777668
7.96	0.6261909502409946
7.97	0.6277652827897852
7.98	0.6293415919243344
7.99	0.6309198776448374
8.0	0.6325001399514899
8.01	0.6340823788444869
8.02	0.6356665943240242
8.03	0.6372527863902969
8.040000000000001	0.6388409550435009
8.05	0.640431100283831
8.06	0.6420232221114829
8.07	0.643617320526652
8.08	0.6452133955295338
8.09	0.6468114471203236
8.1	0.6484114752992167
8.11	0.6500134800664089
8.120000000000001	0.6516174614220955
8.13	0.6532234193664715
8.14	0.6548313538997327
8.15	0.6564412650220744
8.16	0.658053152733692
8.17	0.659667017034781
8.18	0.6612828579255368
8.19	0.6629006754061547
8.2	0.6645204694768303
8.21	0.6661422401377591
8.22	0.667765987389136
8.23	0.6693917112311568
8.24	0.6710194116640169
8.25	0.6726490886879116
8.26	0.6742807423030365
8.27	0.6759143725095869
8.28	0.6775499793077581
8.290000000000001	0.679187562697746
8.3	0.6808271226797452
8.31	0.6824686592539518
8.32	0.6841121724205609
8.33	0.685757662179768
8.34	0.6874051285317684
8.35	0.6890545714767575
8.36	0.690705991014931
8.370000000000001	0.6923593871464845
8.38	0.6940147598716127
8.39	0.6956721091905114
8.4	0.697331435103376
8.41	0.6989927376104019
8.42	0.7006560167117845
8.43	0.7023212724077191
8.44	0.7039885046984015
8.45	0.7056577135840267
8.46	0.7073288990647907
8.47	0.7090020611408882
8.48	0.7106771998125148
8.49	0.712354315079866
8.5	0.7140334069431373
8.51	0.7157144754025241
8.52	0.7173975204582217
8.53	0.7190825421104255
8.540000000000001	0.7207695403593315
8.55	0.7224585152051343
8.56	0.7241494666480294
8.57	0.7258423946882127
8.58	0.7275372993258791
8.59	0.7292341805612245
8.6	0.7309330383944439
8.61	0.732633872825733
8.620000000000001	0.7343366838552874
8.63	0.7360414714833019
8.64	0.7377482357099723
8.65	0.7394569765354938
8.66	0.7411676939600622
8.67	0.7428803879838726
8.68	0.7445950586071204
8.69	0.7463117058300013
8.700000000000001	0.7480303296527108
8.71	0.7497509300754436
8.72	0.7514735070983957
8.73	0.7531980607217621
8.74	0.7549245909457387
8.75	0.7566530977705207
8.76	0.7583835811963036
8.77	0.7601160412232826
8.78	0.7618504778516534
8.790000000000001	0.7635868910816115
8.8	0.7653252809133517
8.81	0.7670656473470698
8.82	0.7688079903829613
8.83	0.7705523100212214
8.84	0.7722986062620457
8.85	0.7740468791056295
8.86	0.7757971285521685
8.870000000000001	0.7775493546018579
8.88	0.7793035572548929
8.89	0.7810597365114692
8.9	0.782817892371782
8.91	0.7845780248360269
8.92	0.7863401339043993
8.93	0.7881042195770944
8.94	0.7898702818543079
8.950000000000001	0.7916383207362353
8.96	0.7934083362230716
8.97	0.7951803283150125
8.98	0.7969542970122533
8.99	0.7987302423149893
9.0	0.8005081642234162
9.01	0.8022880627377293
9.02	0.804069937858124
9.03	0.8058537895847955
9.040000000000001	0.8076396179179399
9.05	0.8094274228577518
9.06	0.8112172044044271
9.07	0.8130089625581609
9.08	0.814802697319149
9.09	0.8165984086875864
9.1	0.8183960966636689
9.11	0.8201957612475916
9.120000000000001	0.8219974024395503
9.13	0.8238010202397399
9.14	0.8256066146483562
9.15	0.8274141856655943
9.16	0.82922373329165
9.17	0.8310352575267184
9.18	0.832848758370995
9.19	0.8346642358246754
9.200000000000001	0.836481689887955
9.21	0.8383011205610289
9.22	0.8401225278440927
9.23	0.8419459117373417
9.24	0.8437712722409715
9.25	0.8455986093551774
9.26	0.8474279230801549
9.27	0.8492592134160993
9.28	0.8510924803632062
9.290000000000001	0.852927723921671
9.3	0.8547649440916889
9.31	0.8566041408734553
9.32	0.8584453142671654
9.33	0.8602884642727836
9.34	0.8621335908896649
9.35	0.8639806941170645
9.36	0.8658297739542378
9.370000000000001	0.8676808304004401
9.38	0.8695338634549262
9.39	0.8713888731169518
9.4	0.8732458593857719
9.41	0.875104822260642
9.42	0.876965761740817
9.43	0.8788286778255525
9.44	0.8806935705141035
9.450000000000001	0.8825604398057257
9.46	0.8844292856996738
9.47	0.8863001081952031
9.48	0.8881729072915692
9.49	0.8900476829880271
9.5	0.891924435283832
9.51	0.8938031641782395
9.52	0.8956838696705044
9.53	0.8975665517598824
9.540000000000001	0.8994512104456288
9.55	0.9013378457269982
9.56	0.9032264576032463
9.57	0.9051170460736283
9.58	0.9070096111373995
9.59	0.9089041527938151
9.6	0.9108006710421302
9.61	0.9126991658816004
9.620000000000001	0.9145996373114809
9.63	0.9165020853310267
9.64	0.918406509939493
9.65	0.9203129111361352
9.66	0.9222212889202087
9.67	0.9241316432909685
9.68	0.92604397424767
9.69	0.9279582817895685
9.700000000000001	0.9298745659159194
9.71	0.9317928266259775
9.72	0.9337130639189982
9.73	0.935635277794237
9.74	0.9375594682509489
9.75	0.9394856352883894
9.76	0.9414137789058133
9.77	0.9433438991024763
9.78	0.9452759958776336
9.790000000000001	0.9472100692305405
9.8	0.9491461191604519
9.81	0.9510841456666232
9.82	0.9530241487483098
9.83	0.9549661284047667
9.84	0.9569100846352494
9.85	0.958856017439013
9.86	0.960803926815313
9.870000000000001	0.9627538127634048
9.88	0.9647056752825429
9.89	0.9666595143719829
9.9	0.9686153300309803
9.91	0.9705731222587903
9.92	0.9725328910546679
9.93	0.9744946364178684
9.94	0.9764583583476472
9.950000000000001	0.9784240568432598
9.96	0.980391731903961
9.97	0.9823613835290059
9.98	0.9843330117176503
9.99	0.9863066164691492
10.0	0.9882821977827577
10.01	0.9902597556577314
10.02	0.9922392900933252
10.03	0.9942208010887946
10.040000000000001	0.9962042886433952
10.05	0.9981897527563814
10.06	1.000177193427009
10.07	1.002166610654533
10.08	1.0041580044382088
10.09	1.0061513747772917
10.1	1.0081467216710367
10.11	1.0101440451186994
10.120000000000001	1.0121433451195352
10.13	1.0141446216727985
10.14	1.0161478747777457
10.15	1.0181531044336307
10.16	1.0201603106397101
10.17	1.0221694933952383
10.18	1.024180652699471
10.19	1.026193788551663
10.200000000000001	1.0282089009510702
10.21	1.0302259898969472
10.22	1.0322450553885496
10.23	1.0342660974251325
10.24	1.0362891160059513
10.25	1.038314111130261
10.26	1.040341082797317
10.27	1.042370031006375
10.28	1.0444009557566893
10.290000000000001	1.0464338570475165
10.3	1.0484687348781105
10.31	1.050505589247727
10.32	1.0525444201556216
10.33	1.0545852276010492
10.34	1.056628011583265
10.35	1.0586727721015246
10.36	1.0607195091550827
10.370000000000001	1.0627682227431958
10.38	1.0648189128651178
10.39	1.066871579520104
10.4	1.0689262227074106
10.41	1.070982842426292
10.42	1.0730414386760037
10.43	1.0751020114558012
10.44	1.0771645607649396
10.450000000000001	1.0792290866026744
10.46	1.08129558896826
10.47	1.0833640678609529
10.48	1.0854345232800071
10.49	1.0875069552246788
10.5	1.0895813636942224
10.51	1.0916577486878942
10.52	1.0937361102049488
10.53	1.0958164482446415
10.540000000000001	1.0978987628062278
10.55	1.0999830538889623
10.56	1.1020693214921011
10.57	1.104157565614899
10.58	1.1062477862566111
10.59	1.108339983416493
10.6	1.1104341570938
10.61	1.1125303072877868
10.620000000000001	1.1146284339977097
10.63	1.1167285372228228
10.64	1.1188306169623818
10.65	1.1209346732156422
10.66	1.123040705981859
10.67	1.1251487152602873
10.68	1.1272587010501827
10.69	1.1293706633508
10.700000000000001	1.1314846021613953
10.71	1.1336005174812231
10.72	1.1357184093095387
10.73	1.1378382776455975
10.74	1.139960122488655
10.75	1.142083943837966
10.76	1.144209741692786
10.77	1.1463375160523703
10.78	1.148467266915974
10.790000000000001	1.1505989942828525
10.8	1.1527326981522612
10.81	1.1548683785234546
10.82	1.1570060353956888
10.83	1.1591456687682185
10.84	1.1612872786402995
10.85	1.1634308650111864
10.86	1.165576427880135
10.870000000000001	1.1677239672464008
10.88	1.1698734831092383
10.89	1.1720249754679026
10.9	1.1741784443216496
10.91	1.1763338896697346
10.92	1.1784913115114124
10.93	1.1806507098459385
10.94	1.1828120846725683
10.950000000000001	1.184975435990557
10.96	1.1871407637991593
10.97	1.1893080680976311
10.98	1.1914773488852275
10.99	1.1936486061612035
11.0	1.1958218399248144
11.01	1.1979970501753159
11.02	1.2001742369119628
11.03	1.2023534001340104
11.040000000000001	1.2045345398407146
11.05	1.2067176560313297
11.06	1.2089027487051112
11.07	1.2110898178613143
11.08	1.2132788634991947
11.09	1.2154698856180075
11.1	1.2176628842170079
11.11	1.219857859295451
11.120000000000001	1.2220548108525924
11.13	1.224253738887687
11.14	1.2264546433999899
11.15	1.228657524388757
11.16	1.2308623818532427
11.17	1.2330692157927032
11.18	1.2352780262063927
11.19	1.2374888130935675
11.200000000000001	1.239701576453483
11.21	1.2419163162853928
11.22	1.2441330325885536
11.23	1.2463517253622203
11.24	1.2485723946056477
11.25	1.2507950403180916
11.26	1.2530196624988073
11.27	1.2552462611470498
11.28	1.2574748362620745
11.290000000000001	1.2597053878431368
11.3	1.2619379158894912
11.31	1.264172420400394
11.32	1.2664089013750994
11.33	1.268647358812863
11.34	1.2708877927129407
11.35	1.2731302030745872
11.36	1.2753745898970579
11.370000000000001	1.277620953179608
11.38	1.2798692929214925
11.39	1.2821196091219673
11.4	1.2843719017802866
11.41	1.2866261708957067
11.42	1.2888824164674824
11.43	1.2911406384948687
11.44	1.2934008369771215
11.450000000000001	1.295663011913496
11.46	1.2979271633032468
11.47	1.3001932911456293
11.48	1.3024613954398994
11.49	1.3047314761853113
11.5	1.3070035333811214
11.51	1.309277567026584
11.52	1.3115535771209552
11.53	1.3138315636634896
11.540000000000001	1.3161115266534429
11.55	1.3183934660900702
11.56	1.3206773819726265
11.57	1.322963274300367
11.58	1.3252511430725473
11.59	1.3275409882884226
11.6	1.329832809947248
11.61	1.332126608048279
11.620000000000001	1.334422382590771
11.63	1.3367201335739787
11.64	1.3390198609971575
11.65	1.3413215648595627
11.66	1.3436252451604498
11.67	1.3459309018990737
11.68	1.34823853507469
11.69	1.3505481446865535
11.700000000000001	1.3528597307339203
11.71	1.3551732932160445
11.72	1.357488832132182
11.73	1.359806347481588
11.74	1.3621258392635178
11.75	1.3644473074772265
11.76	1.3667707521219696
11.77	1.3690961731970022
11.78	1.3714235707015792
11.790000000000001	1.373752944634957
11.8	1.3760842949963894
11.81	1.3784176217851325
11.82	1.380752925000441
11.83	1.3830902046415707
11.84	1.3854294607077766
11.85	1.3877706931983143
11.86	1.3901139021124387
11.870000000000001	1.3924590874494052
11.88	1.3948062492084687
11.89	1.397155387388885
11.9	1.3995065019899087
11.91	1.4018595930107953
11.92	1.4042146604508008
11.93	1.4065717043091794
11.94	1.408930724585187
11.950000000000001	1.411291721278079
11.96	1.4136546943871098
11.97	1.4160196439115351
11.98	1.4183865698506102
11.99	1.4207554722035904
12.0	1.4231263509697312
12.01	1.4254992061482872
12.02	1.427874037738514
12.030000000000001	1.4302508457396672
12.040000000000001	1.4326296301510018
12.05	1.4350103909717722
12.06	1.437393128201235
12.07	1.4397778418386449
12.08	1.442164531883257
12.09	1.4445531983343265
12.1	1.4469438411911089
12.11	1.4493364604528596
12.120000000000001	1.451731056118834
12.13	1.4541276281882862
12.14	1.4565261766604727
12.15	1.4589267015346479
12.16	1.461329202810068
12.17	1.4637336804859868
12.18	1.4661401345616614
12.19	1.4685485650363455
12.200000000000001	1.4709589719092957
12.21	1.4733713551797658
12.22	1.475785714847012
12.23	1.4782020509102893
12.24	1.480620363368853
12.25	1.4830406522219581
12.26	1.4854629174688603
12.27	1.4878871591088145
12.280000000000001	1.4903133771410766
12.290000000000001	1.4927415715649006
12.3	1.495171742379543
12.31	1.4976038895842583
12.32	1.500038013178302
12.33	1.5024741131609292
12.34	1.5049121895313953
12.35	1.5073522422889558
12.36	1.5097942714328654
12.370000000000001	1.5122382769623803
12.38	1.5146842588767544
12.39	1.5171322171752442
12.4	1.519582151857104
12.41	1.5220340629215896
12.42	1.5244879503679558
12.43	1.5269438141957827
12.44	1.5294016544068951
12.450000000000001	1.5318614710040717
12.46	1.5343232639900921
12.47	1.5367870333677376
12.48	1.5392527791397894
12.49	1.5417205013090287
12.5	1.5441901998782361
12.51	1.5466618748501924
12.52	1.5491355262276791
12.530000000000001	1.551611154013477
12.540000000000001	1.5540887582103662
12.55	1.5565683388211287
12.56	1.5590498958485448
12.57	1.5615334292953957
12.58	1.5640189391644623
12.59	1.5665064254585257
12.6	1.5689958881803665
12.61	1.571487327332766
12.620000000000001	1.5739807429185055
12.63	1.5764761349403649
12.64	1.5789735034011256
12.65	1.581472848303569
12.66	1.5839741696504752
12.67	1.586477467444626
12.68	1.5889827416888018
12.69	1.5914899923857835
12.700000000000001	1.5939992195383532
12.71	1.5965104231492901
12.72	1.599023603221376
12.73	1.601538759757392
12.74	1.6040558927601187
12.75	1.606575002232337
12.76	1.6090960881768284
12.77	1.6116191505963735
12.780000000000001	1.6141441894937534
12.790000000000001	1.6166712048717484
12.8	1.61920019673314
12.81	1.6217311650807091
12.82	1.6242641099172366
12.83	1.6267990312455034
12.84	1.6293359290682905
12.85	1.6318748033883788
12.86	1.6344156542085493
12.870000000000001	1.6369584815315836
12.88	1.6395032853602614
12.89	1.6420500656973638
12.9	1.6445988225456727
12.91	1.6471495559079685
12.92	1.6497022657870317
12.93	1.652256952185644
12.94	1.6548136151065862
12.950000000000001	1.6573722545526393
12.96	1.6599328705265837
12.97	1.6624954630312005
12.98	1.665060032069271
12.99	1.667626577643576
13.0	1.6701950997568962
13.01	1.6727655984120129
13.02	1.6753380736117072
13.030000000000001	1.6779125253587595
13.040000000000001	1.6804889536559513
13.05	1.6830673585060627
13.06	1.6856477399118754
13.07	1.6882300978761702
13.08	1.690814432401728
13.09	1.6934007434913292
13.1	1.6959890311477557
13.11	1.6985792953737882
13.120000000000001	1.7011715361722075
13.13	1.7037657535457942
13.14	1.7063619474973297
13.15	1.7089601180295948
13.16	1.7115602651453703
13.17	1.714162388847437
13.18	1.7167664891385765
13.19	1.7193725660215695
13.200000000000001	1.721980619499197
13.21	1.7245906495742391
13.22	1.7272026562494778
13.23	1.7298166395276933
13.24	1.7324325994116674
13.25	1.7350505359041803
13.26	1.7376704490080133
13.27	1.7402923387259468
13.280000000000001	1.742916205060763
13.290000000000001	1.7455420480152415
13.3	1.7481698675921635
13.31	1.7507996637943106
13.32	1.753431436624463
13.33	1.7560651860854024
13.34	1.758700912179909
13.35	1.7613386149107644
13.36	1.763978294280749
13.370000000000001	1.7666199502926445
13.38	1.769263582949231
13.39	1.7719091922532897
13.4	1.7745567782076015
13.41	1.7772063408149474
13.42	1.7798578800781086
13.43	1.782511395999866
13.44	1.7851668885829999
13.450000000000001	1.7878243578302928
13.46	1.7904838037445239
13.47	1.7931452263284748
13.48	1.7958086255849262
13.49	1.7984740015166598
13.5	1.8011413541264556
13.51	1.8038106834170953
13.52	1.8064819893913595
13.530000000000001	1.8091552720520299
13.540000000000001	1.8118305314018859
13.55	1.8145077674437096
13.56	1.8171869801802814
13.57	1.8198681696143826
13.58	1.8225513357487937
13.59	1.8252364785862965
13.6	1.8279235981296713
13.61	1.8306126943816992
13.620000000000001	1.8333037673451613
13.63	1.8359968170228378
13.64	1.8386918434175108
13.65	1.8413888465319599
13.66	1.8440878263689673
13.67	1.8467887829313134
13.68	1.849491716221779
13.69	1.8521966262431453
13.700000000000001	1.8549035129981937
13.71	1.857612376489704
13.72	1.8603232167204578
13.73	1.8630360336932363
13.74	1.8657508274108197
13.75	1.8684675978759897
13.76	1.8711863450915267
13.77	1.8739070690602122
13.780000000000001	1.876629769784827
13.790000000000001	1.8793544472681514
13.8	1.882081101512967
13.81	1.8848097325220545
13.82	1.887540340298195
13.83	1.8902729248441694
13.84	1.8930074861627584
13.85	1.895744024256743
13.86	1.8984825391289046
13.870000000000001	1.9012230307820244
13.88	1.9039654992188821
13.89	1.9067099444422595
13.9	1.909456366454937
13.91	1.9122047652596963
13.92	1.914955140859318
13.93	1.9177074932565825
13.94	1.9204618224542718
13.950000000000001	1.9232181284551666
13.96	1.9259764112620468
13.97	1.9287366708776943
13.98	1.93149890730489
13.99	1.9342631205464142
14.0	1.9370293106050487
14.01	1.939797477483574
14.02	1.9425676211847713
14.030000000000001	1.9453397417114215
14.040000000000001	1.948113839066305
14.05	1.9508899132522035
14.06	1.9536679642718973
14.07	1.9564479921281674
14.08	1.9592299968237954
14.09	1.9620139783615616
14.1	1.9647999367442472
14.11	1.9675878719746331
14.120000000000001	1.9703777840555008
14.13	1.9731696729896302
14.14	1.975963538779803
14.15	1.9787593814287996
14.16	1.9815572009394011
14.17	1.984356997314389
14.18	1.9871587705565437
14.19	1.9899625206686462
14.200000000000001	1.992768247653478
14.21	1.995575951513819
14.22	1.998385632252451
14.23	2.001197289872154
14.24	2.0040109243757103
14.25	2.0068265357659
14.26	2.0096441240455043
14.27	2.0124636892173036
14.280000000000001	2.0152852312840803
14.290000000000001	2.0181087502486132
14.3	2.020934246113685
14.31	2.023761718882076
14.32	2.0265911685565667
14.33	2.029422595139939
14.34	2.032255998634973
14.35	2.03509137904445
14.36	2.0379287363711507
14.370000000000001	2.0407680706178577
14.38	2.043609381787349
14.39	2.046452669882408
14.4	2.0492979349058142
14.41	2.052145176860349
14.42	2.054994395748794
14.43	2.057845591573929
14.44	2.060698764338535
14.450000000000001	2.063553914045395
14.46	2.0664110406972873
14.47	2.0692701442969943
14.48	2.0721312248472965
14.49	2.0749942823509744
14.5	2.0778593168108106
14.51	2.080726328229584
14.52	2.0835953166100762
14.530000000000001	2.0864662819550697
14.540000000000001	2.0893392242673436
14.55	2.092214143549679
14.56	2.0950910398048572
14.57	2.09796991303566
14.58	2.1008507632448667
14.59	2.103733590435259
14.6	2.106618394609619
14.61	2.1095051757707255
14.620000000000001	2.112393933921361
14.63	2.115284669064306
14.64	2.118177381202341
14.65	2.1210720703382475
14.66	2.1239687364748066
14.67	2.1268673796147985
14.68	2.129767999761005
14.69	2.1326705969162063
14.700000000000001	2.1355751710831847
14.71	2.138481722264719
14.72	2.141390250463591
14.73	2.144300755682583
14.74	2.147213237924474
14.75	2.1501276971920458
14.76	2.15304413348808
14.77	2.1559625468153567
14.780000000000001	2.158882937176657
14.790000000000001	2.161805304574762
14.8	2.164729649012452
14.81	2.1676559704925094
14.82	2.1705842690177133
14.83	2.1735145445908453
14.84	2.1764467972146875
14.85	2.1793810268920195
14.86	2.1823172336256222
14.870000000000001	2.1852554174182783
14.88	2.188195578272767
14.89	2.1911377161918697
14.9	2.1940818311783667
14.91	2.1970279232350403
14.92	2.1999759923646707
14.93	2.202926038570039
14.94	2.205878061853926
14.950000000000001	2.2088320622191127
14.96	2.2117880396683804
14.97	2.214745994204509
14.98	2.21770592583028
14.99	2.2206678345484754
15.0	2.2236317203618743
15.01	2.226597583273259
15.02	2.2295654232854103
15.030000000000001	2.2325352404011087
15.040000000000001	2.2355070346231356
15.05	2.2384808059542713
15.06	2.241456554397297
15.07	2.2444342799549934
15.08	2.2474139826301425
15.09	2.250395662425524
15.1	2.2533793193439196
15.11	2.25636495338811
15.120000000000001	2.259352564560877
15.13	2.2623421528649996
15.14	2.2653337183032596
15.15	2.268327260878439
15.16	2.271322780593318
15.17	2.274320277450677
15.18	2.277319751453298
15.19	2.2803212026039605
15.200000000000001	2.2833246309054473
15.21	2.286330036360538
15.22	2.2893374189720137
15.23	2.292346778742656
15.24	2.295358115675245
15.25	2.2983714297725624
15.26	2.3013867210373884
15.27	2.3044039894725046
15.280000000000001	2.3074232350806922
15.290000000000001	2.310444457864731
15.3	2.313467657827403
15.31	2.3164928349714877
15.32	2.319519989299768
15.33	2.3225491208150237
15.34	2.325580229520036
15.35	2.3286133154175856
15.36	2.331648378510454
15.370000000000001	2.334685418801422
15.38	2.33772443629327
15.39	2.340765430988779
15.4	2.3438084028907302
15.41	2.3468533520019053
15.42	2.3499002783250837
15.43	2.352949181863048
15.44	2.3560000626185773
15.450000000000001	2.359052920594455
15.46	2.3621077557934598
15.47	2.3651645682183733
15.48	2.3682233578719765
15.49	2.371284124757051
15.5	2.3743468688763762
15.51	2.377411590232734
15.52	2.380478288828907
15.530000000000001	2.3835469646676737
15.540000000000001	2.3866176177518157
15.55	2.3896902480841145
15.56	2.39276485566735
15.57	2.395841440504304
15.58	2.3989200025977566
15.59	2.4020005419504904
15.6	2.405083058565285
15.610000000000001	2.408167552444922
15.620000000000001	2.4112540235921816
15.63	2.4143424720098454
15.64	2.417432897700694
15.65	2.4205253006675083
15.66	2.4236196809130695
15.67	2.426716038440159
15.68	2.4298143732515567
15.69	2.4329146853500436
15.700000000000001	2.4360169747384024
15.71	2.4391212414194117
15.72	2.442227485395853
15.73	2.4453357066705084
15.74	2.4484459052461585
15.75	2.451558081125583
15.76	2.454672234311565
15.77	2.457788364806883
15.780000000000001	2.46090647261432
15.790000000000001	2.464026557736656
15.8	2.4671486201766712
15.81	2.470272659937148
15.82	2.4733986770208674
15.83	2.4765266714306087
15.84	2.4796566431691534
15.85	2.4827885922392836
15.860000000000001	2.48592251864378
15.870000000000001	2.4890584223854226
15.88	2.4921963034669923
15.89	2.4953361618912706
15.9	2.4984779976610394
15.91	2.5016218107790777
15.92	2.5047676012481674
15.93	2.5079153690710894
15.94	2.5110651142506257
15.950000000000001	2.514216836789555
15.96	2.5173705366906605
15.97	2.5205262139567215
15.98	2.523683868590519
15.99	2.526843500594835
16.0	2.5300051099724503
16.01	2.5331686967261455
16.02	2.5363342608587005
16.03	2.5395018023728984
16.04	2.5426713212715177
16.05	2.5458428175573427
16.06	2.5490162912331504
16.07	2.5521917423017246
16.080000000000002	2.555369170765846
16.09	2.558548576628293
16.1	2.5617299598918497
16.11	2.564913320559295
16.12	2.5680986586334114
16.13	2.5712859741169782
16.14	2.5744752670127777
16.15	2.5776665373235894
16.16	2.580859785052197
16.17	2.5840550102013786
16.18	2.5872522127739153
16.19	2.5904513927725903
16.2	2.593652550200182
16.21	2.596855685059473
16.22	2.6000607973532435
16.23	2.603267887084275
16.240000000000002	2.6064769542553488
16.25	2.609687998869244
16.26	2.612901020928743
16.27	2.616116020436626
16.28	2.6193329973956754
16.29	2.62255195180867
16.3	2.625772883678393
16.31	2.6289957930076233
16.32	2.632220679799144
16.330000000000002	2.6354475440557343
16.34	2.638676385780175
16.35	2.6419072049752486
16.36	2.6451400016437345
16.37	2.648374775788415
16.38	2.6516115274120686
16.39	2.6548502565174803
16.4	2.658090963107427
16.41	2.6613336471846925
16.42	2.6645783087520574
16.43	2.6678249478122997
16.44	2.671073564368204
16.45	2.674324158422549
16.46	2.677576729978117
16.47	2.680831279037687
16.48	2.6840878056040434
16.490000000000002	2.687346309679965
16.5	2.6906067912682308
16.51	2.693869250371625
16.52	2.6971336869929265
16.53	2.700400101134918
16.54	2.7036684928003782
16.55	2.706938861992091
16.56	2.7102112087128343
16.57	2.7134855329653913
16.580000000000002	2.716761834752542
16.59	2.7200401140770665
16.6	2.7233203709417477
16.61	2.726602605349364
16.62	2.7298868173026998
16.63	2.7331730068045323
16.64	2.7364611738576454
16.65	2.7397513184648177
16.66	2.743043440628833
16.67	2.7463375403524704
16.68	2.7496336176385094
16.69	2.752931672489734
16.7	2.7562317049089224
16.71	2.759533714898858
16.72	2.7628377024623196
16.73	2.7661436676020905
16.740000000000002	2.76945161032095
16.75	2.7727615306216777
16.76	2.7760734285070576
16.77	2.779387303979868
16.78	2.7827031570428926
16.79	2.78602098769891
16.8	2.7893407959507024
16.81	2.792662581801049
16.82	2.795986345252733
16.830000000000002	2.799312086308535
16.84	2.802639804971234
16.85	2.805969501243614
16.86	2.8093011751284522
16.87	2.812634826628533
16.88	2.8159704557466347
16.89	2.8193080624855407
16.9	2.8226476468480297
16.91	2.8259892088368845
16.92	2.8293327484548856
16.93	2.8326782657048115
16.94	2.8360257605894468
16.95	2.83937523311157
16.96	2.842726683273964
16.97	2.846080111079407
16.98	2.849435516530683
16.990000000000002	2.8527928996305714
17.0	2.8561522603818523
17.01	2.8595135987873084
17.02	2.862876914849719
17.03	2.866242208571867
17.04	2.869609479956531
17.05	2.872978729006494
17.06	2.8763499557245353
17.07	2.8797231601134374
17.080000000000002	2.8830983421759813
17.09	2.8864755019149455
17.1	2.8898546393331137
17.11	2.893235754433265
17.12	2.8966188472181815
17.13	2.900003917690643
17.14	2.9033909658534323
17.150000000000002	2.9067799917093295
17.16	2.910170995261114
17.17	2.913563976511569
17.18	2.9169589354634735
17.19	2.92035587211961
17.2	2.9237547864827587
17.21	2.9271556785557005
17.22	2.930558548341216
17.23	2.9339633958420888
17.240000000000002	2.937370221061096
17.25	2.9407790240010203
17.26	2.9441898046646435
17.27	2.9476025630547444
17.28	2.9510172991741066
17.29	2.9544340130255082
17.3	2.9578527046117333
17.31	2.9612733739355597
17.32	2.9646960209997704
17.330000000000002	2.9681206458071463
17.34	2.9715472483604666
17.35	2.9749758286625143
17.36	2.978406386716068
17.37	2.981838922523912
17.38	2.9852734360888236
17.39	2.9887099274135878
17.400000000000002	2.9921483965009825
17.41	2.995588843353788
17.42	2.9990312679747877
17.43	3.0024756703667608
17.44	3.0059220505324897
17.45	3.0093704084747537
17.46	3.0128207441963357
17.47	3.016273057700015
17.48	3.019727348988573
17.490000000000002	3.0231836180647917
17.5	3.0266418649314497
17.51	3.03010208959133
17.52	3.0335642920472123
17.53	3.0370284723018797
17.54	3.04049463035811
17.55	3.0439627662186863
17.56	3.047432879886388
17.57	3.050904971363999
17.580000000000002	3.054379040654297
17.59	3.057855087760064
17.6	3.0613331126840824
17.61	3.0648131154291303
17.62	3.0682950959979913
17.63	3.0717790543934447
17.64	3.075264990618273
17.650000000000002	3.0787529046752558
17.66	3.0822427965671735
17.67	3.085734666296809
17.68	3.089228513866941
17.69	3.092724339280353
17.7	3.0962221425398235
17.71	3.0997219236481364
17.72	3.1032236826080686
17.73	3.106727419422404
17.740000000000002	3.110233134093923
17.75	3.1137408266254063
17.76	3.1172504970196355
17.77	3.1207621452793894
17.78	3.124275771407452
17.79	3.1277913754066016
17.8	3.1313089572796207
17.81	3.134828517029289
17.82	3.138350054658389
17.830000000000002	3.1418735701697016
17.84	3.1453990635660056
17.85	3.1489265348500846
17.86	3.152455984024717
17.87	3.155987411092687
17.88	3.1595208160567716
17.89	3.1630561989197554
17.900000000000002	3.1665935596844177
17.91	3.170132898353538
17.92	3.1736742149298993
17.93	3.1772175094162813
17.94	3.180762781815467
17.95	3.1843100321302344
17.96	3.1878592603633673
17.97	3.1914104665176444
17.98	3.194963650595848
17.990000000000002	3.1985188126007595
18.0	3.202075952535157
18.01	3.2056350704018257
18.02	3.209196166203542
18.03	3.2127592399430904
18.04	3.2163242916232497
18.05	3.2198913212468026
18.06	3.2234603288165276
18.07	3.227031314335209
18.080000000000002	3.230604277805626
18.09	3.2341792192305583
18.1	3.2377561386127884
18.11	3.241335035955096
18.12	3.244915911260264
18.13	3.2484987645310714
18.14	3.2520835957703014
18.150000000000002	3.255670404980733
18.16	3.259259192165146
18.17	3.2628499573263254
18.18	3.266442700467048
18.19	3.270037421590098
18.2	3.273634120698253
18.21	3.277232797794298
18.22	3.28083345288101
18.23	3.2844360859611723
18.240000000000002	3.288040697037566
18.25	3.2916472861129695
18.26	3.295255853190167
18.27	3.2988663982719366
18.28	3.3024789213610624
18.29	3.306093422460322
18.3	3.309709901572499
18.31	3.3133283587003723
18.32	3.3169487938467253
18.330000000000002	3.3205712070143365
18.34	3.324195598205987
18.35	3.32782196742446
18.36	3.331450314672533
18.37	3.335080639952991
18.38	3.338712943268612
18.39	3.342347224622178
18.400000000000002	3.3459834840164704
18.41	3.349621721454268
18.42	3.3532619369383543
18.43	3.356904130471508
18.44	3.360548302056513
18.45	3.3641944516961466
18.46	3.367842579393193
18.47	3.371492685150431
18.48	3.3751447689706433
18.490000000000002	3.3787988308566095
18.5	3.3824548708111095
18.51	3.386112888836928
18.52	3.3897728849368414
18.53	3.3934348591136345
18.54	3.397098811370085
18.55	3.400764741708977
18.56	3.4044326501330886
18.57	3.4081025366452034
18.580000000000002	3.4117744012481004
18.59	3.41544824394456
18.6	3.4191240647373666
18.61	3.4228018636292963
18.62	3.4264816406231344
18.63	3.4301633957216584
18.64	3.433847128927652
