0.0	0.0
0.01	4.954967465152848e-07
0.02	1.9811421188031364e-06
0.03	4.456936130699117e-06
0.04	7.922878796038796e-06
0.05	1.2378970128657734e-05
0.06	1.7825210142391487e-05
0.07	2.4261598851075642e-05
0.08	3.168813626854575e-05
0.09	4.010482240863736e-05
0.1	4.951165728518607e-05
0.11	5.99086409120274e-05
0.12	7.129577330299694e-05
0.13	8.36730544719303e-05
0.14	9.704048443266296e-05
0.15	0.00011139806319903052
0.16	0.0001267457907848686
0.17	0.00014308366720401265
0.18	0.00016041169247029829
0.19	0.00017872986659756113
0.2	0.00019803818959963673
0.21	0.0002183366614903605
0.22	0.0002396252822835682
0.23	0.00026190405199309535
0.24	0.0002851729706327774
0.25	0.0003094320382164501
0.26	0.00033468125475794887
0.27	0.00036092062027110925
0.28	0.000388150134769767
0.29	0.0004163697982677574
0.3	0.0004455796107789162
0.31	0.000475779572317079
0.32	0.0005069696828960813
0.33	0.0005391499425297586
0.34	0.0005723203512319466
0.35000000000000003	0.0006064809090164807
0.36	0.0006416316158971966
0.37	0.0006777724718879297
0.38	0.000714903477002516
0.39	0.0007530246312547906
0.4	0.0007921359346585893
0.41000000000000003	0.0008322373872277474
0.42	0.0008733289889761004
0.43	0.0009154107399174845
0.44	0.0009584826400657348
0.45	0.0010025446894346868
0.46	0.0010475968880381762
0.47000000000000003	0.0010936392358900388
0.48	0.0011406717330041095
0.49	0.0011886943793942245
0.5	0.0012377071750742194
0.51	0.0012877101200579294
0.52	0.0013387032143591902
0.53	0.0013906864579918375
0.54	0.0014436598509697063
0.55	0.001497623393306633
0.56	0.0015525770850164523
0.5700000000000001	0.0016085209261130005
0.58	0.0016654549166101125
0.59	0.0017233790565216243
0.6	0.0017822933458613718
0.61	0.00184219778464319
0.62	0.0019030923728809146
0.63	0.0019649771105883815
0.64	0.0020278519977794257
0.65	0.0020917170344678833
0.66	0.002156572220667589
0.67	0.002222417556392379
0.68	0.0022892530416560894
0.6900000000000001	0.002357078676472555
0.7000000000000001	0.002425894460855611
0.71	0.0024957003948190937
0.72	0.0025664964783768383
0.73	0.002638282711542681
0.74	0.0027110590943304567
0.75	0.0027848256267540014
0.76	0.0028595823088271503
0.77	0.002935329140563739
0.78	0.0030120661219776032
0.79	0.003089793253082579
0.8	0.003168510533892501
0.81	0.003248217964421205
0.8200000000000001	0.0033289155446825265
0.8300000000000001	0.0034106032746903017
0.84	0.0034932811544583645
0.85	0.003576949184000553
0.86	0.003661607363330701
0.87	0.003747255692462645
0.88	0.00383389417141022
0.89	0.003921522800187261
0.9	0.004010141578807605
0.91	0.004099750507285087
0.92	0.004190349585633542
0.93	0.0042819388138668054
0.9400000000000001	0.004374518191998715
0.9500000000000001	0.004468087720043102
0.96	0.0045626473980138055
0.97	0.00465819722592466
0.98	0.004754737203789503
0.99	0.004852267331622167
1.0	0.004950787609436489
1.01	0.005050298037246304
1.02	0.005150798615065449
1.03	0.005252289342907758
1.04	0.005354770220787068
1.05	0.005458241248717213
1.06	0.0055627024267120295
1.07	0.005668153754785352
1.08	0.0057745952329510165
1.09	0.005882026861222861
1.1	0.005990448639614719
1.11	0.006099860568140424
1.12	0.0062102626468138146
1.1300000000000001	0.006321654875648726
1.1400000000000001	0.006434037254658993
1.1500000000000001	0.00654740978385845
1.16	0.006661772463260934
1.17	0.006777125292880279
1.18	0.006893468272730326
1.19	0.007010801402824905
1.2	0.0071291246831778525
1.21	0.0072484381138030055
1.22	0.007368741694714198
1.23	0.007490035425925268
1.24	0.007612319307450048
1.25	0.007735593339302375
1.26	0.007859857521496086
1.27	0.007985111854045015
1.28	0.008111356336962996
1.29	0.008238590970263866
1.3	0.008366815753961462
1.31	0.008496030688069619
1.32	0.008626235772602171
1.33	0.008757431007572956
1.34	0.008889616392995806
1.35	0.009022791928884558
1.36	0.00915695761525305
1.37	0.009292113452115114
1.3800000000000001	0.009428259439484589
1.3900000000000001	0.00956539557737531
1.4000000000000001	0.00970352186580111
1.41	0.009842638304775822
1.42	0.00998274489431329
1.43	0.010123841634427344
1.44	0.010265928525131822
1.45	0.010409005566440558
1.46	0.010553072758367385
1.47	0.010698130100926144
1.48	0.010844177594130668
1.49	0.010991215237994794
1.5	0.011139243032532354
1.51	0.011288260977757186
1.52	0.011438269073683126
1.53	0.011589267320324007
1.54	0.011741255717693666
1.55	0.011894234265805945
1.56	0.012048202964674667
1.57	0.012203161814313674
1.58	0.012359110814736807
1.59	0.01251604996595789
1.6	0.01267397926799077
1.61	0.012832898720849273
1.62	0.012992808324547241
1.6300000000000001	0.013153708079098507
1.6400000000000001	0.013315597984516907
1.6500000000000001	0.013478478040816278
1.6600000000000001	0.01364234824801045
1.67	0.013807208606113263
1.68	0.013973059115138553
1.69	0.014139899775100157
1.7	0.014307730586011907
1.71	0.01447655154788764
1.72	0.014646362660741194
1.73	0.014817163924586402
1.74	0.014988955339437096
1.75	0.015161736905307118
1.76	0.015335508622210298
1.77	0.015510270490160478
1.78	0.01568602250917149
1.79	0.015862764679257166
1.8	0.016040497000431343
1.81	0.016219219472707862
1.82	0.01639893209610056
1.83	0.016579634870623264
1.84	0.01676132779628981
1.85	0.016944010873114042
1.86	0.017127684101109784
1.87	0.017312347480290886
1.8800000000000001	0.017498001010671168
1.8900000000000001	0.017684644692264474
1.9000000000000001	0.017872278525084644
1.9100000000000001	0.018060902509145504
1.92	0.018250516644460892
1.93	0.01844112093104465
1.94	0.0186327153689106
1.95	0.018825299958072597
1.96	0.01901887469854446
1.97	0.01921343959034004
1.98	0.01940899463347315
1.99	0.019605539827957652
2.0	0.01980307517380736
2.0100000000000002	0.020001600671036124
2.02	0.020201116319657764
2.0300000000000002	0.020401622119686134
2.04	0.02060311807113505
2.05	0.020805604174018368
2.06	0.021009080428349907
2.07	0.02121354683414351
2.08	0.021419003391413022
2.09	0.02162545010017225
2.1	0.021832886960435068
2.11	0.022041313972215277
2.12	0.02225073113552674
2.13	0.02246113845038326
2.14	0.02267253591679871
2.15	0.022884923534786904
2.16	0.02309830130436168
2.17	0.023312669225536875
2.18	0.023528027298326322
2.19	0.02374437552274386
2.2	0.023961713898803326
2.21	0.02418004242651855
2.22	0.024399361105903374
2.23	0.024619669936971626
2.24	0.02484096891973715
2.25	0.025063258054213774
2.2600000000000002	0.025286537340415343
2.27	0.025510806778355676
2.2800000000000002	0.025736066368048628
2.29	0.02596231610950802
2.3000000000000003	0.0261895560027477
2.31	0.026417786047781493
2.32	0.026647006244623236
2.33	0.026877216593286773
2.34	0.027108417093785923
2.35	0.027340607746134546
2.36	0.02757378855034645
2.37	0.027807959506435494
2.38	0.0280431206144155
2.39	0.028279271874300307
2.4	0.02851641328610375
2.41	0.02875454484983967
2.42	0.028993666565521894
2.43	0.029233778433164263
2.44	0.029474880452780607
2.45	0.029716972624384778
2.46	0.02996005494799058
2.47	0.030204127423611893
2.48	0.030449190051262506
2.49	0.030695242830956284
2.5	0.03094228576270705
2.5100000000000002	0.031190318846528658
2.52	0.03143934208243491
2.5300000000000002	0.031689355470439676
2.54	0.031940359010556765
2.5500000000000003	0.03219235270280004
2.56	0.032445336547183304
2.57	0.03269931054372041
2.58	0.032954274692425206
2.59	0.033210228993311504
2.6	0.03346717344639316
2.61	0.03372510805168399
2.62	0.03398403280919785
2.63	0.03424394771894855
2.64	0.03450485278094995
2.65	0.03476674799521588
2.66	0.03502963336176017
2.67	0.03529350888059665
2.68	0.035558374551739165
2.69	0.03582423037520155
2.7	0.03609107635099764
2.71	0.03635891247914127
2.72	0.03662773875964628
2.73	0.036897555192526486
2.74	0.03716836177779575
2.75	0.037440158515467885
2.7600000000000002	0.03771294540555675
2.77	0.03798672244807615
2.7800000000000002	0.038261489643039964
2.79	0.03853724699046198
2.8000000000000003	0.038813994490356066
2.81	0.039091732142736035
2.82	0.03937045994761574
2.83	0.03965017790500902
2.84	0.039930886014929695
2.85	0.04021258427739161
2.86	0.04049527269240859
2.87	0.0407789512599945
2.88	0.04106361998016313
2.89	0.041349278852928356
2.9	0.04163592787830398
2.91	0.04192356705630387
2.92	0.04221219638694183
2.93	0.04250181587023173
2.94	0.04279242550618738
2.95	0.04308402529482262
2.96	0.043376615236151286
2.97	0.043670195330187234
2.98	0.04396476557694426
2.99	0.04426032597643624
3.0	0.044556876528676966
3.0100000000000002	0.04485441723368033
3.02	0.0451529480914601
3.0300000000000002	0.045452469102030185
3.04	0.04575298026540436
3.0500000000000003	0.04605448158159649
3.06	0.04635697305062039
3.0700000000000003	0.04666045467248993
3.08	0.04696492644721891
3.09	0.047270388374821184
3.1	0.047576840455310604
3.11	0.04788428268870095
3.12	0.048192715075006116
3.13	0.04850213761423992
3.14	0.04881255030641619
3.15	0.04912395315154875
3.16	0.049436346149651464
3.17	0.04974972930073814
3.18	0.05006410260482265
3.19	0.05037946606191878
3.2	0.05069581967204041
3.21	0.05101316343520134
3.22	0.051331497351415456
3.23	0.051650821420696526
3.24	0.05197113564305844
3.25	0.052292440018515
3.2600000000000002	0.05261473454708008
3.27	0.05293801922876746
3.2800000000000002	0.05326229406359102
3.29	0.05358755905156458
3.3000000000000003	0.05391381419270199
3.31	0.05424105948701706
3.3200000000000003	0.05456929493452364
3.33	0.05489852053523556
3.34	0.05522873628916666
3.35	0.05555994219633079
3.36	0.05589213825674177
3.37	0.05622532447041343
3.38	0.056559500837359604
3.39	0.05689466735759415
3.4	0.05723082403113088
3.41	0.057567970857983645
3.42	0.057906107838166264
3.43	0.0582452349716926
3.44	0.05858535225857646
3.45	0.0589264596988317
3.46	0.05926855729247213
3.47	0.059611645039511614
3.48	0.05995572293996397
3.49	0.060300790993843056
3.5	0.060646849201162666
3.5100000000000002	0.06099389756193668
3.52	0.0613419360761789
3.5300000000000002	0.0616909647439032
3.54	0.06204098356512336
3.5500000000000003	0.06239199253985327
3.56	0.06274399166810672
3.5700000000000003	0.0630969809498976
3.58	0.06345096038523967
3.59	0.06380592997414684
3.6	0.06416188971663292
3.61	0.06451883961271171
3.62	0.06487677966239712
3.63	0.06523570986570289
3.64	0.06559563022264295
3.65	0.06595654073323105
3.66	0.06631844139748111
3.67	0.0666813322154069
3.68	0.06704521318702229
3.69	0.06741008431234109
3.7	0.06777594559137717
3.71	0.06814279702414433
3.72	0.06851063861065643
3.73	0.06887947035092729
3.74	0.06924929224497077
3.75	0.06962010429280067
3.7600000000000002	0.06999190649443085
3.77	0.07036469884987513
3.7800000000000002	0.07073848135914738
3.79	0.07111325402226139
3.8000000000000003	0.07148901683923102
3.81	0.07186576981007009
3.8200000000000003	0.07224351293479248
3.83	0.07262224621341194
3.84	0.07300196964594238
3.85	0.07338268323239763
3.86	0.0737643869727915
3.87	0.07414708086713784
3.88	0.07453076491545049
3.89	0.07491543911774325
3.9	0.07530110347403
3.91	0.07568775798432455
3.92	0.07607540264864074
3.93	0.07646403746699243
3.94	0.0768536624393934
3.95	0.07724427756585754
3.96	0.07763588284639865
3.97	0.0780284782810306
3.98	0.07842206386976719
3.99	0.07881663961262228
4.0	0.0792122055096097
4.01	0.07960876156074327
4.0200000000000005	0.08000630776603686
4.03	0.08040484412550426
4.04	0.08080437063915934
4.05	0.08120488730701592
4.0600000000000005	0.08160639412908786
4.07	0.08200889110538896
4.08	0.08241237823593306
4.09	0.08281685552073402
4.1	0.08322232295980565
4.11	0.08362878055316184
4.12	0.08403622830081633
4.13	0.08444466620278304
4.14	0.08485409425907577
4.15	0.08526451246970838
4.16	0.08567592083469465
4.17	0.08608831935404848
4.18	0.08650170802778365
4.19	0.08691608685591405
4.2	0.08733145583845348
4.21	0.08774781497541578
4.22	0.08816516426681477
4.23	0.08858350371266437
4.24	0.0890028333129783
4.25	0.08942315306777043
4.26	0.08984446297705463
4.2700000000000005	0.09026676304084476
4.28	0.09069005325915457
4.29	0.0911143336319979
4.3	0.0915396041593887
4.3100000000000005	0.0919658648413407
4.32	0.09239311567786776
4.33	0.09282135666898371
4.34	0.09325058781470241
4.3500000000000005	0.0936808091150377
4.36	0.09411202057000338
4.37	0.0945442221796133
4.38	0.09497741394388128
4.39	0.0954115958628212
4.4	0.09584676793644689
4.41	0.09628293016477213
4.42	0.09672008254781078
4.43	0.09715822508557673
4.44	0.09759735777808376
4.45	0.09803748062534569
4.46	0.09847859362737639
4.47	0.09892069678418969
4.48	0.09936379009579947
4.49	0.09980787356221947
4.5	0.10025294718346359
4.51	0.10069901095954563
4.5200000000000005	0.1011460648904795
4.53	0.10159410897627895
4.54	0.10204314321695783
4.55	0.10249316761252998
4.5600000000000005	0.10294418216300931
4.57	0.10339618686840957
4.58	0.1038491817287446
4.59	0.10430316674402826
4.6000000000000005	0.10475814191427442
4.61	0.10521410723949683
4.62	0.10567106271970939
4.63	0.1061290083549259
4.64	0.10658794414516021
4.65	0.10704787009042621
4.66	0.10750878619073766
4.67	0.1079706924461084
4.68	0.10843358885655227
4.69	0.1088974754220832
4.7	0.10936235214271486
4.71	0.1098282190184612
4.72	0.11029507604933603
4.73	0.11076292323535324
4.74	0.11123176057652653
4.75	0.11170158807286984
4.76	0.11217240572439698
4.7700000000000005	0.1126442135311218
4.78	0.11311701149305811
4.79	0.11359079961021976
4.8	0.11406557788262056
4.8100000000000005	0.1145413463102744
4.82	0.11501810489319507
4.83	0.11549585363139642
4.84	0.11597459252489226
4.8500000000000005	0.1164543215736965
4.86	0.1169350407778229
4.87	0.11741675013728531
4.88	0.11789944965209757
4.89	0.11838313932227355
4.9	0.11886781914782707
4.91	0.11935348912877192
4.92	0.11984014926512197
4.93	0.12032779955689105
4.94	0.12081644000409304
4.95	0.12130607060674171
4.96	0.12179669136485093
4.97	0.12228830227843449
4.98	0.12278090334750633
4.99	0.12327449457208017
5.0	0.12376907595216988
5.01	0.12426464748778933
5.0200000000000005	0.12476120917895236
5.03	0.12525876102567277
5.04	0.1257573030279644
5.05	0.12625683518584105
5.0600000000000005	0.12675735749931666
5.07	0.12725886996840496
5.08	0.12776137259311984
5.09	0.12826486537347512
5.1000000000000005	0.12876934830948467
5.11	0.12927482140116228
5.12	0.12978128464852176
5.13	0.130288738051577
5.14	0.13079718161034182
5.15	0.13130661532483015
5.16	0.13181703919505564
5.17	0.1323284532210322
5.18	0.13284085740277374
5.19	0.13335425174029403
5.2	0.1338686362336069
5.21	0.1343840108827262
5.22	0.13490037568766575
5.23	0.13541773064843945
5.24	0.1359360757650611
5.25	0.1364554110375444
5.26	0.1369757364659034
5.2700000000000005	0.13749705205015186
5.28	0.13801935779030358
5.29	0.1385426536863724
5.3	0.13906693973837214
5.3100000000000005	0.13959221594631677
5.32	0.14011848231021995
5.33	0.14064573883009557
5.34	0.14117398550595753
5.3500000000000005	0.1417032223378196
5.36	0.14223344932569562
5.37	0.14276466646959945
5.38	0.1432968737695449
5.39	0.1438300712255458
5.4	0.14436425883761608
5.41	0.14489943660576945
5.42	0.1454356045300198
5.43	0.14597276261038095
5.44	0.14651091084686682
5.45	0.1470500492394911
5.46	0.14759017778826775
5.47	0.14813129649321052
5.48	0.14867340535433332
5.49	0.1492165043716499
5.5	0.14976059354517418
5.51	0.15030567287491992
5.5200000000000005	0.15085174236090101
5.53	0.15139880200313124
5.54	0.1519468518016245
5.55	0.1524958917563946
5.5600000000000005	0.1530459218674554
5.57	0.1535969421348207
5.58	0.1541489525585043
5.59	0.1547019531385201
5.6000000000000005	0.155255943874882
5.61	0.15581092476760366
5.62	0.15636689581669902
5.63	0.15692385702218192
5.64	0.15748180838406617
5.65	0.15804074990236563
5.66	0.15860068157709412
5.67	0.1591616034082655
5.68	0.1597235153958935
5.69	0.16028641753999212
5.7	0.1608503098405751
5.71	0.16141519229765625
5.72	0.16198106491124944
5.73	0.16254792768136858
5.74	0.1631157806080274
5.75	0.16368462369123973
5.76	0.1642544569310195
5.7700000000000005	0.1648252803273805
5.78	0.1653970938803365
5.79	0.1659698975899014
5.8	0.16654369145608908
5.8100000000000005	0.1671184754789133
5.82	0.16769424965838792
5.83	0.16827101399452676
5.84	0.16884876848734365
5.8500000000000005	0.16942751313685253
5.86	0.17000724794306712
5.87	0.17058797290600125
5.88	0.17116968802566876
5.89	0.1717523933020836
5.9	0.17233608873525952
5.91	0.1729207743252103
5.92	0.17350645007194984
5.93	0.174093115975492
5.94	0.17468077203585064
5.95	0.1752694182530395
5.96	0.17585905462707244
5.97	0.17644968115796328
5.98	0.17704129784572598
5.99	0.17763390469037424
6.0	0.17822750169192192
6.01	0.17882208885038287
6.0200000000000005	0.179417666165771
6.03	0.1800142336381
6.04	0.1806117912673838
6.05	0.1812103390536362
6.0600000000000005	0.18180987699687115
6.07	0.1824104050971023
6.08	0.18301192335434358
6.09	0.18361443176860884
6.1000000000000005	0.1842179303399119
6.11	0.18482241906826657
6.12	0.18542789795368675
6.13	0.18603436699618617
6.140000000000001	0.1866418261957788
6.15	0.18725027555247836
6.16	0.18785971506629873
6.17	0.18847014473725368
6.18	0.18908156456535716
6.19	0.18969397455062306
6.2	0.190307374693065
6.21	0.19092176499269695
6.22	0.19153714544952713
6.23	0.19215351606351713
6.24	0.19277087683460473
6.25	0.19338922776272793
6.26	0.1940085688478245
6.2700000000000005	0.19462890008983236
6.28	0.19525022148868917
6.29	0.19587253304433286
6.3	0.19649583475670124
6.3100000000000005	0.19712012662573222
6.32	0.19774540865136347
6.33	0.19837168083353293
6.34	0.19899894317217842
6.3500000000000005	0.19962719566723777
6.36	0.20025643831864873
6.37	0.20088667112634923
6.38	0.20151789409027707
6.390000000000001	0.2021501072103701
6.4	0.20278331048656603
6.41	0.20341750391880284
6.42	0.20405268750701827
6.43	0.20468886125115018
6.44	0.20532602515113643
6.45	0.2059641792069148
6.46	0.20660332341842308
6.47	0.2072434577855992
6.48	0.20788458230838094
6.49	0.20852669698670614
6.5	0.2091698018205126
6.51	0.20981389680973814
6.5200000000000005	0.21045898195432072
6.53	0.211105057254198
6.54	0.21175212270930788
6.55	0.21240017831958818
6.5600000000000005	0.21304922408497678
6.57	0.21369926000541142
6.58	0.21435028608082995
6.59	0.21500230231117023
6.6000000000000005	0.21565530869637017
6.61	0.21630930523636743
6.62	0.21696429193109995
6.63	0.21762026878050553
6.640000000000001	0.218277235784522
6.65	0.21893519294308716
6.66	0.21959414025613888
6.67	0.22025407772361497
6.68	0.22091500534545325
6.69	0.22157692312159163
6.7	0.22223983105196782
6.71	0.2229037291365197
6.72	0.2235686173751851
6.73	0.22423449576790194
6.74	0.2249013643146079
6.75	0.2255692230152408
6.76	0.2262380718697386
6.7700000000000005	0.22690791087803913
6.78	0.22757874004008002
6.79	0.22825055935579933
6.8	0.22892336882513478
6.8100000000000005	0.22959716844802425
6.82	0.23027195822440547
6.83	0.23094773815421632
6.84	0.2316245082373947
6.8500000000000005	0.23230226847387841
6.86	0.23298101886360517
6.87	0.23366075940651287
6.88	0.2343414901025394
6.890000000000001	0.23502321095162262
6.9	0.23570592195370021
6.91	0.23638962310871006
6.92	0.23707431441659005
6.93	0.23775999587727795
6.94	0.23844666749071167
6.95	0.23913432925682893
6.96	0.2398229811755676
6.97	0.24051262324686556
6.98	0.24120325547066063
6.99	0.24189487784689054
7.0	0.2425874903754932
7.01	0.24328109305640644
7.0200000000000005	0.2439756858895681
7.03	0.24467126887491597
7.04	0.24536784201238787
7.05	0.24606540530192167
7.0600000000000005	0.24676395874345525
7.07	0.2474635023369263
7.08	0.24816403608227272
7.09	0.24886555997943233
7.1000000000000005	0.24956807402834302
7.11	0.2502715782289426
7.12	0.2509760725811687
7.13	0.25168155708495943
7.140000000000001	0.2523880317402526
7.15	0.2530954965469858
7.16	0.2538039515050971
7.17	0.25451339661452416
7.18	0.25522383187520487
7.19	0.25593525728707717
7.2	0.2566476728500787
7.21	0.25736107856414747
7.22	0.25807547442922113
7.23	0.2587908604452377
7.24	0.2595072366121348
7.25	0.26022460292985045
7.26	0.2609429593983223
7.2700000000000005	0.2616623060174884
7.28	0.26238264278728646
7.29	0.26310396970765415
7.3	0.2638262867785296
7.3100000000000005	0.26454959399985045
7.32	0.2652738913715545
7.33	0.2659991788935797
7.34	0.2667254565658638
7.3500000000000005	0.2674527243883447
7.36	0.2681809823609603
7.37	0.2689102304836481
7.38	0.26964046875634623
7.390000000000001	0.27037169717899256
7.4	0.2711039157515246
7.41	0.27183712447388053
7.42	0.27257132334599793
7.43	0.2733065123678147
7.44	0.2740426915392688
7.45	0.2747798608602979
7.46	0.2755180203308399
7.47	0.27625716995083255
7.48	0.27699730972021375
7.49	0.27773843963892136
7.5	0.2784805597068931
7.51	0.27922366992406694
7.5200000000000005	0.27996777029038067
7.53	0.28071286080577196
7.54	0.28145894147017875
7.55	0.282206012283539
7.5600000000000005	0.2829540732457904
7.57	0.2837031243568708
7.58	0.284453165616718
7.59	0.28520419702526983
7.6000000000000005	0.2859562185824643
7.61	0.2867092302882389
7.62	0.2874632321425317
7.63	0.2882182241452805
7.640000000000001	0.28897420629642306
7.65	0.2897311785958973
7.66	0.290489141043641
7.67	0.291248093639592
7.68	0.2920080363836881
7.69	0.29276896927586715
7.7	0.293530892316067
7.71	0.29429380550422546
7.72	0.2950577088402803
7.73	0.2958226023241695
7.74	0.29658848595583076
7.75	0.2973553597352019
7.76	0.2981232236622208
7.7700000000000005	0.2988920777368254
7.78	0.2996619219589533
7.79	0.3004327563285425
7.8	0.3012045808455307
7.8100000000000005	0.30197739550985586
7.82	0.30275120032145575
7.83	0.30352599528026813
7.84	0.30430178038623096
7.8500000000000005	0.30507855563928205
7.86	0.3058563210393591
7.87	0.3066350765864001
7.88	0.3074148222803427
7.890000000000001	0.308195558121125
7.9	0.30897728410868447
7.91	0.30976000024295924
7.92	0.310543706523887
7.930000000000001	0.3113284029514057
7.94	0.31211408952545294
7.95	0.3129007662459668
7.96	0.3136884331128849
7.97	0.3144770901261452
7.98	0.31526673728568555
7.99	0.3160573745914437
8.0	0.3168490020433574
8.01	0.3176416196413647
8.02	0.31843522738540325
8.03	0.31922982527541105
8.040000000000001	0.32002541331132583
8.05	0.3208219914930854
8.06	0.32161955982062745
8.07	0.32241811829389
8.08	0.32321766691281095
8.09	0.32401820567732786
8.1	0.3248197345873788
8.11	0.32562225364290154
8.120000000000001	0.32642576284383396
8.13	0.3272302621901137
8.14	0.3280357516816787
8.15	0.3288422313184668
8.16	0.3296497011004158
8.17	0.33045816102746356
8.18	0.33126761109954794
8.19	0.33207805131660667
8.2	0.3328894816785776
8.21	0.33370190218539886
8.22	0.33451531283700786
8.23	0.3353297136333425
8.24	0.3361451045743408
8.25	0.33696148565994044
8.26	0.3377788568900792
8.27	0.33859721826469513
8.28	0.33941656978372586
8.290000000000001	0.3402369114471094
8.3	0.34105824325478346
8.31	0.34188056520668575
8.32	0.34270387730275426
8.33	0.3435281795429268
8.34	0.3443534719271412
8.35	0.3451797544553352
8.36	0.34600702712744685
8.370000000000001	0.3468352899434139
8.38	0.3476645429031739
8.39	0.348494786006665
8.4	0.3493260192538249
8.41	0.3501582426445914
8.42	0.3509914561789024
8.43	0.3518256598566957
8.44	0.3526608536779091
8.45	0.3534970376424805
8.46	0.3543342117503479
8.47	0.35517237600144874
8.48	0.35601153039572103
8.49	0.35685167493310266
8.5	0.35769280961353134
8.51	0.35853493443694495
8.52	0.3593780494032814
8.53	0.3602221545124784
8.540000000000001	0.3610672497644739
8.55	0.36191333515920565
8.56	0.3627604106966114
8.57	0.3636084763766291
8.58	0.3644575321991966
8.59	0.3653075781642516
8.6	0.366158614271732
8.61	0.3670106405215756
8.620000000000001	0.3678636569137205
8.63	0.36871766344810414
8.64	0.3695726601246644
8.65	0.3704286469433394
8.66	0.37128562390406655
8.67	0.372143591006784
8.68	0.3730025482514296
8.69	0.37386249563794094
8.700000000000001	0.37472343316625617
8.71	0.3755853608363128
8.72	0.3764482786480487
8.73	0.3773121866014018
8.74	0.37817708469630995
8.75	0.37904297293271094
8.76	0.3799098513105426
8.77	0.38077771982974273
8.78	0.38164657849024924
8.790000000000001	0.382516427292
8.8	0.38338726623493263
8.81	0.3842590953189851
8.82	0.38513191454409523
8.83	0.3860057239102007
8.84	0.38688052341723966
8.85	0.3877563130651496
8.86	0.3886330928538686
8.870000000000001	0.3895108627833345
8.88	0.3903896228534849
8.89	0.3912693730642577
8.9	0.39215011341559086
8.91	0.3930318439074221
8.92	0.39391456453968915
8.93	0.39479827531233014
8.94	0.3956829762252827
8.950000000000001	0.3965686672784848
8.96	0.39745534847187397
8.97	0.3983430198053883
8.98	0.3992316812789654
8.99	0.4001213328925433
9.0	0.40101197464605987
9.01	0.4019036065394528
9.02	0.4027962285726599
9.03	0.4036898407456191
9.040000000000001	0.4045844430582683
9.05	0.40548003551054507
9.06	0.40637661810238745
9.07	0.40727419083373323
9.08	0.40817275370452005
9.09	0.4090723067146861
9.1	0.4099728498641689
9.11	0.41087438315290636
9.120000000000001	0.41177690658083654
9.13	0.41268042014789696
9.14	0.4135849238540255
9.15	0.41449041769916
9.16	0.41539690168323845
9.17	0.4163043758061985
9.18	0.41721284006797804
9.19	0.418122294468515
9.200000000000001	0.4190327390077472
9.21	0.41994417368561215
9.22	0.42085659850204804
9.23	0.4217700134569925
9.24	0.4226844185503834
9.25	0.4235998137821587
9.26	0.42451619915225614
9.27	0.4254335746606134
9.28	0.42635194030716855
9.290000000000001	0.4272712960918595
9.3	0.4281916420146237
9.31	0.4291129780753991
9.32	0.43003530427412384
9.33	0.43095862061081136
9.34	0.4318829270856755
9.35	0.43280822369896255
9.36	0.43373451045091904
9.370000000000001	0.4346617873417914
9.38	0.43559005437182596
9.39	0.43651931154126905
9.4	0.4374495588503673
9.41	0.43838079629936694
9.42	0.43931302388851445
9.43	0.44024624161805637
9.44	0.4411804494882389
9.450000000000001	0.4421156474993089
9.46	0.4430518356515122
9.47	0.4439890139450955
9.48	0.44492718238030515
9.49	0.44586634095738764
9.5	0.44680648967658937
9.51	0.44774762853815686
9.52	0.44868975754233625
9.53	0.44963287668937424
9.540000000000001	0.4505769859795172
9.55	0.4515220854130114
9.56	0.4524681749901033
9.57	0.4534152547110394
9.58	0.45436332457606604
9.59	0.45531238458542966
9.6	0.45626243473937667
9.61	0.45721347503815357
9.620000000000001	0.45816550548200685
9.63	0.4591185260711827
9.64	0.46007253680592747
9.65	0.46102753768648785
9.66	0.4619835287131101
9.67	0.46294050988604074
9.68	0.46389848120552607
9.69	0.4648574426718126
9.700000000000001	0.46581739428514685
9.71	0.4667783360457749
9.72	0.4677402679539435
9.73	0.46870319000989885
9.74	0.46966710221388747
9.75	0.4706320045661557
9.76	0.4715978970669501
9.77	0.472564779716517
9.78	0.47353265251510285
9.790000000000001	0.47450151546295416
9.8	0.4754713685603171
9.81	0.4764422118074381
9.82	0.4774140452045638
9.83	0.47838686875194053
9.84	0.47936068244981467
9.85	0.4803354862984326
9.86	0.4813112802980409
9.870000000000001	0.48228806444888594
9.88	0.483265838751214
9.89	0.4842446032052715
9.9	0.485224357811305
9.91	0.48620510256956084
9.92	0.48718683748028546
9.93	0.48816956254372523
9.94	0.4891532777601267
9.950000000000001	0.4901379831297363
9.96	0.49112367865280016
9.97	0.49211036432956484
9.98	0.49309804016027686
9.99	0.4940867061451825
10.0	0.4950763622845284
10.01	0.4960670085785607
10.02	0.4970586450275259
10.03	0.49805127163167057
10.040000000000001	0.49904488839124117
10.05	0.5000394953064837
10.06	0.5010350923776451
10.07	0.5020316796049714
10.08	0.503029256988709
10.09	0.5040278245291046
10.1	0.5050273822264045
10.11	0.5060279300808551
10.120000000000001	0.5070294680927031
10.13	0.5080319962621942
10.14	0.5090355145895754
10.15	0.5100400230750931
10.16	0.5110455217189934
10.17	0.5120520105215229
10.18	0.5130594894829281
10.19	0.5140679586034553
10.200000000000001	0.5150774178833513
10.21	0.5160878673228618
10.22	0.5170993069222338
10.23	0.5181117366817134
10.24	0.5191251566015471
10.25	0.5201395666819814
10.26	0.5211549669232627
10.27	0.5221713573256374
10.28	0.5231887378893517
10.290000000000001	0.5242071086146527
10.3	0.5252264695017859
10.31	0.5262468205509983
10.32	0.5272681617625361
10.33	0.5282904931366459
10.34	0.5293138146735737
10.35	0.5303381263735666
10.36	0.5313634282368704
10.370000000000001	0.5323897202637321
10.38	0.5334170024543975
10.39	0.5344452748091134
10.4	0.535474537328126
10.41	0.5365047900116819
10.42	0.5375360328600275
10.43	0.538568265873409
10.44	0.5396014890520731
10.450000000000001	0.5406357023962662
10.46	0.5416709059062346
10.47	0.5427070995822246
10.48	0.5437442834244827
10.49	0.5447824574332555
10.5	0.5458216216087892
10.51	0.5468617759513303
10.52	0.5479029204611253
10.53	0.5489450551384205
10.540000000000001	0.5499881799834626
10.55	0.5510322949964976
10.56	0.5520774001777721
10.57	0.5531234955275324
10.58	0.554170581046025
10.59	0.5552186567334965
10.6	0.5562677225901931
10.61	0.5573177786163612
10.620000000000001	0.5583688248122476
10.63	0.5594208611780981
10.64	0.5604738877141595
10.65	0.5615279044206782
10.66	0.5625829112979006
10.67	0.5636389083460731
10.68	0.5646958955654419
10.69	0.5657538729562539
10.700000000000001	0.5668128405187551
10.71	0.5678727982531923
10.72	0.5689337461598113
10.73	0.5699956842388589
10.74	0.5710586124905817
10.75	0.5721225309152259
10.76	0.573187439513038
10.77	0.5742533382842642
10.78	0.5753202272291511
10.790000000000001	0.5763881063479454
10.8	0.5774569756408929
10.81	0.5785268351082405
10.82	0.5795976847502343
10.83	0.580669524567121
10.84	0.5817423545591467
10.85	0.582816174726558
10.86	0.5838909850696015
10.870000000000001	0.5849667855885236
10.88	0.5860435762835703
10.89	0.5871213571549883
10.9	0.5882001282030238
10.91	0.5892798894279239
10.92	0.5903606408299339
10.93	0.5914423824093012
10.94	0.5925251141662718
10.950000000000001	0.5936088361010925
10.96	0.5946935482140091
10.97	0.5957792505052683
10.98	0.5968659429751165
10.99	0.5979536256238003
11.0	0.5990422984515658
11.01	0.6001319614586595
11.02	0.601222614645328
11.03	0.6023142580118178
11.040000000000001	0.6034068915583751
11.05	0.6045005152852463
11.06	0.6055951291926778
11.07	0.606690733280916
11.08	0.6077873275502076
11.09	0.6088849120007988
11.1	0.6099834866329359
11.11	0.6110830514468655
11.120000000000001	0.6121836064428343
11.13	0.6132851516210881
11.14	0.6143876869818735
11.15	0.6154912125254373
11.16	0.6165957282520255
11.17	0.6177012341618845
11.18	0.6188077302552613
11.19	0.6199152165324016
11.200000000000001	0.6210236929935523
11.21	0.6221331596389594
11.22	0.6232436164688696
11.23	0.6243550634835293
11.24	0.6254675006831849
11.25	0.6265809280680829
11.26	0.6276953456384695
11.27	0.6288107533945912
11.28	0.6299271513366945
11.290000000000001	0.631044539465026
11.3	0.6321629177798318
11.31	0.6332822862813582
11.32	0.634402644969852
11.33	0.6355239938455594
11.34	0.6366463329087267
11.35	0.6377696621596008
11.36	0.6388939815984276
11.370000000000001	0.640019291225454
11.38	0.6411455910409257
11.39	0.6422728810450898
11.4	0.6434011612381924
11.41	0.6445304316204798
11.42	0.6456606921921989
11.43	0.6467919429535957
11.44	0.6479241839049167
11.450000000000001	0.6490574150464087
11.46	0.6501916363783173
11.47	0.6513268479008897
11.48	0.6524630496143717
11.49	0.6536002415190103
11.5	0.6547384236150514
11.51	0.6558775959027419
11.52	0.6570177583823279
11.53	0.6581589110540559
11.540000000000001	0.6593010539181725
11.55	0.6604441869749237
11.56	0.6615883102245561
11.57	0.6627334236673162
11.58	0.6638795273034506
11.59	0.6650266211332052
11.6	0.6661747051568268
11.61	0.6673237793745617
11.620000000000001	0.6684738437866568
11.63	0.6696248983933575
11.64	0.6707769431949111
11.65	0.6719299781915635
11.66	0.6730840033835614
11.67	0.6742390187711512
11.68	0.6753950243545792
11.69	0.676552020134092
11.700000000000001	0.6777100061099358
11.71	0.6788689822823573
11.72	0.6800289486516025
11.73	0.681189905217918
11.74	0.6823518519815505
11.75	0.683514788942746
11.76	0.684678716101751
11.77	0.6858436334588122
11.78	0.6870095410141758
11.790000000000001	0.6881764387680883
11.8	0.689344326720796
11.81	0.6905132048725455
11.82	0.6916830732235829
11.83	0.6928539317741549
11.84	0.694025780524508
11.85	0.6951986194748884
11.86	0.6963724486255424
11.870000000000001	0.697547267976717
11.88	0.6987230775286578
11.89	0.6998998772816116
11.9	0.701077667235825
11.91	0.7022564473915442
11.92	0.7034362177490158
11.93	0.704616978308486
11.94	0.7057987290702012
11.950000000000001	0.7069814700344084
11.96	0.7081652012013532
11.97	0.7093499225712823
11.98	0.7105356341444423
11.99	0.7117223359210795
12.0	0.7129100279014402
12.01	0.7140987100857711
12.02	0.7152883824743184
12.030000000000001	0.7164790450673288
12.040000000000001	0.7176706978650482
12.05	0.7188633408677234
12.06	0.7200569740756007
12.07	0.7212515974889264
12.08	0.7224472111079473
12.09	0.7236438149329094
12.1	0.7248414089640594
12.11	0.7260399932016436
12.120000000000001	0.7272395676459086
12.13	0.7284401322971005
12.14	0.7296416871554657
12.15	0.730844232221251
12.16	0.7320477674947025
12.17	0.7332522929760666
12.18	0.7344578086655902
12.19	0.735664314563519
12.200000000000001	0.7368718106701001
12.21	0.7380802969855794
12.22	0.7392897735102034
12.23	0.7405002402442189
12.24	0.7417116971878718
12.25	0.7429241443414089
12.26	0.7441375817050763
12.27	0.7453520092791206
12.280000000000001	0.7465674270637885
12.290000000000001	0.747783835059326
12.3	0.7490012332659797
12.31	0.7502196216839958
12.32	0.7514390003136209
12.33	0.7526593691551015
12.34	0.7538807282086838
12.35	0.7551030774746144
12.36	0.7563264169531395
12.370000000000001	0.7575507466445062
12.38	0.7587760665489599
12.39	0.7600023766667476
12.4	0.7612296769981157
12.41	0.7624579675433104
12.42	0.7636872483025784
12.43	0.7649175192760597
12.44	0.7661487804631593
12.450000000000001	0.7673810318629706
12.46	0.7686142734745849
12.47	0.7698485052970946
12.48	0.7710837273295915
12.49	0.7723199395711677
12.5	0.7735571420209153
12.51	0.774795334677926
12.52	0.776034517541292
12.530000000000001	0.7772746906101055
12.540000000000001	0.778515853883458
12.55	0.7797580073604418
12.56	0.7810011510401486
12.57	0.7822452849216706
12.58	0.7834904090040999
12.59	0.7847365232865283
12.6	0.7859836277680478
12.61	0.7872317224477504
12.620000000000001	0.7884808073247284
12.63	0.7897308823980733
12.64	0.7909819476668772
12.65	0.7922340031302321
12.66	0.7934870487872302
12.67	0.7947410846369634
12.68	0.7959961106785235
12.69	0.7972521269110026
12.700000000000001	0.7985091333334929
12.71	0.7997671299450861
12.72	0.8010261167448742
12.73	0.8022860937319494
12.74	0.8035470609054032
12.75	0.8048090182643282
12.76	0.806071965807816
12.77	0.8073359035349588
12.780000000000001	0.8086008314448486
12.790000000000001	0.8098667495365771
12.8	0.8111336578092366
12.81	0.8124015562619188
12.82	0.813670444893716
12.83	0.8149403237037197
12.84	0.8162111926910224
12.85	0.8174830518547159
12.86	0.8187559011938922
12.870000000000001	0.8200297407076433
12.88	0.8213045703950611
12.89	0.8225803902552377
12.9	0.823857200287265
12.91	0.8251350004902349
12.92	0.8264137908632395
12.93	0.8276935714053708
12.94	0.8289743421157209
12.950000000000001	0.8302561029933818
12.96	0.8315388540374451
12.97	0.8328225952470029
12.98	0.8341073266211474
12.99	0.8353930481589705
13.0	0.8366797598595643
13.01	0.8379674617220205
13.02	0.8392561537454314
13.030000000000001	0.8405458359288891
13.040000000000001	0.8418365082714849
13.05	0.8431281707723113
13.06	0.8444208234304602
13.07	0.8457144662450237
13.08	0.8470090992150936
13.09	0.8483047223397621
13.1	0.8496013356181207
13.11	0.850898939049262
13.120000000000001	0.8521975326322778
13.13	0.8534971163662599
13.14	0.8547976902503004
13.15	0.8560992542834912
13.16	0.8574018084649244
13.17	0.858705352793692
13.18	0.8600098872688858
13.19	0.8613154118895979
13.200000000000001	0.8626219266549207
13.21	0.8639294315639455
13.22	0.8652379266157647
13.23	0.8665474118094699
13.24	0.8678578871441536
13.25	0.8691693526189075
13.26	0.8704818082328236
13.27	0.8717952539849938
13.280000000000001	0.8731096898745104
13.290000000000001	0.8744251159004651
13.3	0.87574153206195
13.31	0.877058938358057
13.32	0.8783773347878782
13.33	0.8796967213505053
13.34	0.8810170980450307
13.35	0.8823384648705462
13.36	0.8836608218261439
13.370000000000001	0.8849841689109156
13.38	0.8863085061239534
13.39	0.8876338334643491
13.4	0.8889601509311948
13.41	0.8902874585235826
13.42	0.8916157562406045
13.43	0.8929450440813522
13.44	0.8942753220449181
13.450000000000001	0.895606590130394
13.46	0.8969388483368717
13.47	0.8982720966634432
13.48	0.8996063351092008
13.49	0.9009415636732363
13.5	0.9022777823546416
13.51	0.9036149911525088
13.52	0.9049531900659299
13.530000000000001	0.906292379093997
13.540000000000001	0.9076325582358018
13.55	0.9089737274904365
13.56	0.9103158868569928
13.57	0.911659036334563
13.58	0.913003175922239
13.59	0.9143483056191126
13.6	0.9156944254242761
13.61	0.9170415353368214
13.620000000000001	0.9183896353558407
13.63	0.9197387254804255
13.64	0.9210888057096678
13.65	0.9224398760426599
13.66	0.9237919364784936
13.67	0.925144987016261
13.68	0.9264990276550541
13.69	0.9278540583939647
13.700000000000001	0.9292100792320853
13.71	0.9305670901685072
13.72	0.9319250912023227
13.73	0.9332840823326238
13.74	0.9346440635585024
13.75	0.9360050348790506
13.76	0.9373669962933603
13.77	0.9387299478005235
13.780000000000001	0.9400938893996325
13.790000000000001	0.9414588210897787
13.8	0.9428247428700545
13.81	0.9441916547395517
13.82	0.9455595566973622
13.83	0.9469284487425783
13.84	0.9482983308742918
13.85	0.9496692030915947
13.86	0.951041065393579
13.870000000000001	0.9524139177793369
13.88	0.95378776024796
13.89	0.9551625927985404
13.9	0.9565384154301702
13.91	0.9579152281419412
13.92	0.9592930309329456
13.93	0.9606718238022753
13.94	0.9620516067490222
13.950000000000001	0.9634323797722787
13.96	0.9648141428711362
13.97	0.966196896044687
13.98	0.967580639292023
13.99	0.968965372612236
14.0	0.9703510960044184
14.01	0.971737809467662
14.02	0.9731255130010588
14.030000000000001	0.9745142066037009
14.040000000000001	0.97590389027468
14.05	0.9772945640130881
14.06	0.9786862278180174
14.07	0.9800788816885599
14.08	0.9814725256238075
14.09	0.9828671596228521
14.1	0.9842627836847856
14.11	0.9856593978087003
14.120000000000001	0.9870570019936883
14.13	0.9884555962388409
14.14	0.9898551805432507
14.15	0.9912557549060095
14.16	0.9926573193262093
14.17	0.994059873802942
14.18	0.9954634183352996
14.19	0.9968679529223743
14.200000000000001	0.998273477563258
14.21	0.9996799922570425
14.22	1.0010874970028198
14.23	1.0024959917996819
14.24	1.003905476646721
14.25	1.005315951543029
14.26	1.006727416487698
14.27	1.0081398714798195
14.280000000000001	1.0095533165184862
14.290000000000001	1.0109677516027893
14.3	1.0123831767318214
14.31	1.0137995919046743
14.32	1.0152169971204397
14.33	1.0166353923782099
14.34	1.018054777677077
14.35	1.0194751530161328
14.36	1.0208965183944694
14.370000000000001	1.0223188738111786
14.38	1.0237422192653525
14.39	1.0251665547560829
14.4	1.0265918802824623
14.41	1.028018195843582
14.42	1.0294455014385344
14.43	1.0308737970664112
14.44	1.0323030827263049
14.450000000000001	1.0337333584173074
14.46	1.03516462413851
14.47	1.0365968798890055
14.48	1.0380301256678852
14.49	1.0394643614742416
14.5	1.0408995873071665
14.51	1.0423358031657517
14.52	1.0437730090490895
14.530000000000001	1.045211204956272
14.540000000000001	1.046650390886391
14.55	1.048090566838538
14.56	1.0495317328118057
14.57	1.0509738888052857
14.58	1.0524170348180701
14.59	1.0538611708492511
14.6	1.05530629689792
14.61	1.0567524129631698
14.620000000000001	1.058199519044092
14.63	1.0596476151397782
14.64	1.0610967012493207
14.65	1.0625467773718116
14.66	1.0639978435063429
14.67	1.065449899652006
14.68	1.066902945807894
14.69	1.0683569819730978
14.700000000000001	1.0698120081467102
14.71	1.0712680243278228
14.72	1.0727250305155271
14.73	1.0741830267089163
14.74	1.0756420129070812
14.75	1.0771019891091143
14.76	1.0785629553141074
14.77	1.0800249115211529
14.780000000000001	1.0814878577293425
14.790000000000001	1.0829517939377682
14.8	1.0844167201455222
14.81	1.085882636351696
14.82	1.0873495425553819
14.83	1.088817438755672
14.84	1.090286324951658
14.85	1.0917562011424318
14.86	1.093227067327086
14.870000000000001	1.094698923504712
14.88	1.0961717696744022
14.89	1.0976456058352484
14.9	1.0991204319863421
14.91	1.1005962481267761
14.92	1.1020730542556418
14.93	1.1035508503720315
14.94	1.1050296364750374
14.950000000000001	1.106509412563751
14.96	1.1079901786372646
14.97	1.1094719346946698
14.98	1.1109546807350588
14.99	1.1124384167575239
15.0	1.1139231427611564
15.01	1.115408858745049
15.02	1.1168955647082934
15.030000000000001	1.1183832606499817
15.040000000000001	1.119871946569206
15.05	1.1213616224650576
15.06	1.1228522883366288
15.07	1.124343944183012
15.08	1.1258365900032987
15.09	1.1273302257965816
15.1	1.1288248515619517
15.11	1.1303204672985014
15.120000000000001	1.1318170730053232
15.13	1.1333146686815083
15.14	1.134813254326149
15.15	1.1363128299383376
15.16	1.1378133955171659
15.17	1.139314951061725
15.18	1.1408174965711082
15.19	1.1423210320444073
15.200000000000001	1.1438255574807135
15.21	1.145331072879119
15.22	1.1468375782387166
15.23	1.1483450735585974
15.24	1.1498535588378538
15.25	1.1513630340755774
15.26	1.1528734992708607
15.27	1.1543849544227953
15.280000000000001	1.1558973995304735
15.290000000000001	1.1574108345929872
15.3	1.1589252596094282
15.31	1.1604406745788882
15.32	1.1619570795004601
15.33	1.163474474373235
15.34	1.1649928591963055
15.35	1.1665122339687632
15.36	1.1680325986897002
15.370000000000001	1.169553953358209
15.38	1.1710762979733804
15.39	1.1725996325343073
15.4	1.1741239570400819
15.41	1.1756492714897953
15.42	1.1771755758825397
15.43	1.1787028702174078
15.44	1.180231154493491
15.450000000000001	1.1817604287098815
15.46	1.183290692865671
15.47	1.1848219469599515
15.48	1.1863541909918156
15.49	1.1878874249603544
15.5	1.1894216488646607
15.51	1.1909568627038258
15.52	1.1924930664769422
15.530000000000001	1.1940302601831017
15.540000000000001	1.1955684438213963
15.55	1.1971076173909176
15.56	1.1986477808907585
15.57	1.20018893432001
15.58	1.2017310776777645
15.59	1.2032742109631143
15.6	1.2048183341751508
15.610000000000001	1.2063634473129667
15.620000000000001	1.2079095503756534
15.63	1.2094566433623029
15.64	1.2110047262720072
15.65	1.2125537991038586
15.66	1.2141038618569489
15.67	1.2156549145303701
15.68	1.217206957123214
15.69	1.2187599896345729
15.700000000000001	1.220314012063539
15.71	1.2218690244092034
15.72	1.223425026670659
15.73	1.224982018846997
15.74	1.2265400009373102
15.75	1.2280989729406901
15.76	1.2296589348562286
15.77	1.231219886683018
15.780000000000001	1.2327818284201502
15.790000000000001	1.234344760066717
15.8	1.2359086816218106
15.81	1.2374735930845229
15.82	1.2390394944539456
15.83	1.2406063857291714
15.84	1.2421742669092914
15.85	1.2437431379933983
15.860000000000001	1.2453129989805842
15.870000000000001	1.2468838498699402
15.88	1.2484556906605588
15.89	1.250028521351532
15.9	1.2516023419419522
15.91	1.2531771524309105
15.92	1.2547529528174994
15.93	1.2563297431008111
15.94	1.257907523279937
15.950000000000001	1.2594862933539699
15.96	1.261066053322001
15.97	1.2626468031831224
15.98	1.2642285429364264
15.99	1.265811272581005
16.0	1.2673949921159497
16.01	1.2689797015403532
16.02	1.2705654008533067
16.03	1.272152090053903
16.04	1.2737397691412333
16.05	1.2753284381143903
16.06	1.2769180969724652
16.07	1.278508745714551
16.080000000000002	1.2801003843397392
16.09	1.281693012847121
16.1	1.2832866312357898
16.11	1.2848812395048363
16.12	1.2864768376533535
16.13	1.2880734256804327
16.14	1.2896710035851664
16.15	1.2912695713666458
16.16	1.292869129023964
16.17	1.2944696765562127
16.18	1.2960712139624826
16.19	1.2976737412418675
16.2	1.2992772583934578
16.21	1.300881765416347
16.22	1.3024872623096257
16.23	1.304093749072387
16.240000000000002	1.3057012257037224
16.25	1.3073096922027234
16.26	1.3089191485684832
16.27	1.3105295948000921
16.28	1.312141030896644
16.29	1.313753456857229
16.3	1.3153668726809409
16.31	1.3169812783668702
16.32	1.31859667391411
16.330000000000002	1.3202130593217516
16.34	1.321830434588887
16.35	1.3234487997146087
16.36	1.3250681546980076
16.37	1.3266884995381774
16.38	1.3283098342342083
16.39	1.3299321587851936
16.4	1.3315554731902244
16.41	1.3331797774483936
16.42	1.3348050715587922
16.43	1.3364313555205127
16.44	1.3380586293326473
16.45	1.3396868929942871
16.46	1.3413161465045256
16.47	1.3429463898624532
16.48	1.3445776230671629
16.490000000000002	1.3462098461177463
16.5	1.3478430590132953
16.51	1.3494772617529023
16.52	1.3511124543356585
16.53	1.3527486367606572
16.54	1.3543858090269885
16.55	1.3560239711337463
16.56	1.3576631230800214
16.57	1.3593032648649066
16.580000000000002	1.3609443964874932
16.59	1.3625865179468732
16.6	1.3642296292421392
16.61	1.3658737303723822
16.62	1.3675188213366956
16.63	1.3691649021341696
16.64	1.3708119727638979
16.65	1.372460033224971
16.66	1.3741090835164824
16.67	1.3757591236375235
16.68	1.3774101535871852
16.69	1.379062173364561
16.7	1.3807151829687418
16.71	1.3823691823988207
16.72	1.3840241716538881
16.73	1.3856801507330379
16.740000000000002	1.3873371196353612
16.75	1.388995078359949
16.76	1.390654026905895
16.77	1.3923139652722896
16.78	1.393974893458226
16.79	1.3956368114627953
16.8	1.3972997192850907
16.81	1.3989636169242026
16.82	1.4006285043792246
16.830000000000002	1.4022943816492477
16.84	1.4039612487333635
16.85	1.4056291056306651
16.86	1.4072979523402436
16.87	1.4089677888611918
16.88	1.4106386151926007
16.89	1.4123104313335633
16.9	1.4139832372831704
16.91	1.4156570330405154
16.92	1.4173318186046895
16.93	1.4190075939747842
16.94	1.4206843591498926
16.95	1.4223621141291056
16.96	1.424040858911516
16.97	1.4257205934962154
16.98	1.4274013178822964
16.990000000000002	1.4290830320688503
17.0	1.4307657360549686
17.01	1.4324494298397445
17.02	1.434134113422269
17.03	1.435819786801635
17.04	1.4375064499769334
17.05	1.4391941029472575
17.06	1.440882745711698
17.07	1.4425723782693478
17.080000000000002	1.4442630006192987
17.09	1.445954612760642
17.1	1.4476472146924708
17.11	1.4493408064138757
17.12	1.4510353879239501
17.13	1.4527309592217852
17.14	1.4544275203064734
17.150000000000002	1.4561250711771063
17.16	1.4578236118327759
17.17	1.4595231422725745
17.18	1.4612236624955934
17.19	1.4629251725009258
17.2	1.4646276722876623
17.21	1.4663311618548962
17.22	1.4680356412017184
17.23	1.4697411103272215
17.240000000000002	1.4714475692304978
17.25	1.473155017910638
17.26	1.4748634563667353
17.27	1.4765728845978812
17.28	1.4782833026031679
17.29	1.4799947103816866
17.3	1.4817071079325308
17.31	1.4834204952547911
17.32	1.4851348723475604
17.330000000000002	1.4868502392099305
17.34	1.4885665958409924
17.35	1.4902839422398395
17.36	1.4920022784055624
17.37	1.4937216043372548
17.38	1.4954419200340068
17.39	1.4971632254949123
17.400000000000002	1.4988855207190621
17.41	1.5006088057055476
17.42	1.5023330804534623
17.43	1.504058344961897
17.44	1.5057845992299446
17.45	1.507511843256696
17.46	1.5092400770412444
17.47	1.5109693005826808
17.48	1.512699513880098
17.490000000000002	1.5144307169325877
17.5	1.516162909739241
17.51	1.5178960922991513
17.52	1.5196302646114097
17.53	1.5213654266751084
17.54	1.5231015784893391
17.55	1.524838720053195
17.56	1.5265768513657663
17.57	1.5283159724261464
17.580000000000002	1.5300560832334267
17.59	1.5317971837866986
17.6	1.5335392740850555
17.61	1.5352823541275882
17.62	1.5370264239133893
17.63	1.5387714834415502
17.64	1.5405175327111638
17.650000000000002	1.5422645717213217
17.66	1.544012600471115
17.67	1.545761618959637
17.68	1.5475116271859786
17.69	1.5492626251492327
17.7	1.5510146128484907
17.71	1.5527675902828448
17.72	1.5545215574513869
17.73	1.5562765143532094
17.740000000000002	1.558032460987404
17.75	1.5597893973530619
17.76	1.5615473234492765
17.77	1.5633062392751385
17.78	1.565066144829741
17.79	1.5668270401121749
17.8	1.568588925121533
17.81	1.5703517998569072
17.82	1.5721156643173892
17.830000000000002	1.5738805185020712
17.84	1.575646362410045
17.85	1.577413196040403
17.86	1.579181019392236
17.87	1.5809498324646378
17.88	1.5827196352566988
17.89	1.584490427767512
17.900000000000002	1.5862622099961692
17.91	1.5880349819417616
17.92	1.589808743603382
17.93	1.5915834949801222
17.94	1.5933592360710744
17.95	1.5951359668753298
17.96	1.5969136873919816
17.97	1.5986923976201204
17.98	1.6004720975588393
17.990000000000002	1.60225278720723
18.0	1.6040344665643842
18.01	1.6058171356293942
18.02	1.6076007944013515
18.03	1.6093854428793488
18.04	1.611171081062477
18.05	1.61295770894983
18.06	1.6147453265404976
18.07	1.6165339338335731
18.080000000000002	1.6183235308281487
18.09	1.6201141175233151
18.1	1.6219056939181653
18.11	1.6236982600117906
18.12	1.6254918158032843
18.13	1.6272863612917363
18.14	1.6290818964762408
18.150000000000002	1.630878421355889
18.16	1.6326759359297713
18.17	1.6344744401969822
18.18	1.636273934156612
18.19	1.6380744178077533
18.2	1.6398758911494977
18.21	1.641678354180938
18.22	1.6434818069011652
18.23	1.6452862493092724
18.240000000000002	1.647091681404351
18.25	1.648898103185492
18.26	1.650705514651789
18.27	1.652513915802333
18.28	1.6543233066362162
18.29	1.656133687152531
18.3	1.6579450573503691
18.31	1.6597574172288216
18.32	1.6615707667869823
18.330000000000002	1.6633851060239422
18.34	1.6652004349387926
18.35	1.6670167535306268
18.36	1.6688340617985358
18.37	1.670652359741612
18.38	1.6724716473589472
18.39	1.6742919246496342
18.400000000000002	1.6761131916127643
18.41	1.6779354482474285
18.42	1.6797586945527208
18.43	1.6815829305277314
18.44	1.6834081561715537
18.45	1.6852343714832785
18.46	1.6870615764619987
18.47	1.6888897711068056
18.48	1.690718955416792
18.490000000000002	1.6925491293910495
18.5	1.694380293028669
18.51	1.6962124463287445
18.52	1.698045589290366
18.53	1.6998797219126274
18.54	1.701714844194619
18.55	1.703550956135434
18.56	1.7053880577341636
18.57	1.7072261489899003
18.580000000000002	1.7090652299017361
18.59	1.710905300468762
18.6	1.7127463606900715
18.61	1.7145884105647549
18.62	1.716431450091906
18.63	1.7182754792706154
18.64	1.7201204980999758
